Error results for Randomized Hill Climbing
---------------------------
73899.43333179853
73899.45581059645
73899.43791318037
73899.70067310719
73899.51877751938
73962.50861772841
73900.06320791894
73899.54366118913
73899.43333179853
73905.83693168781
78283.7226746357
73899.43333179853
73892.6377520954
73892.645802978
73895.38547885709
73881.69801863894
73881.10609642854
73881.11901068277
73882.85602405062
73881.30152691148
73882.50596755375
73871.15799514415
73871.08279477642
73871.5516121657
73871.08283518915
73871.06899252973
73871.86755820416
73871.10815301855
73871.08097221394
73871.20277244307
74043.54869974498
73871.59987594614
73871.07906553292
73885.484525996
73871.08431738811
73867.11718092657
73867.15941620705
73867.11718388688
73864.09241458039
73927.11200819061
73864.16952064156
73864.09241536233
73864.02746832177
73864.85439673178
73867.27309092633
73864.02896989135
73852.37050400003
73852.37046329107
73852.34694748842
73748.57584501841
73748.64483684025
73748.60912527856
73748.58397234503
73748.57584501841
73749.13615755134
73747.16505706446
73750.32884278604
73746.8882973552
73725.57989426135
73726.00140487222
73804.75994280212
73725.9051448555
73725.57989426135
73726.91470568416
73725.62724549329
73725.57989426135
73729.17433650736
73723.51018282527
73901.78403042117
73723.50931106282
73728.17043517414
76926.88016686693
73723.3710191393
73722.61878491587
73737.1996119994
73722.6192265512
70318.68603464703
70314.94688272217
70316.10628273558
70243.13056763026
70247.98342504347
70235.76890137688
70235.54866999002
70240.41436161839
70235.54123036268
70235.64911217318
70236.12953605475
70235.92594925164
70238.96100804555
70235.55954912613
70235.54122902053
70235.53844195318
70739.5628558749
70235.48953076192
70235.30268835799
70248.66273089492
70235.31382209026
70236.32467005806
70235.37480180922
70235.18339164103
70238.26117699787
70403.76126149186
70235.18101499394
70223.1388601644
70223.11742652881
67058.01936653432
67058.45092777356
67058.06229275078
67197.46802534169
67058.35956877637
67057.38940885577
67057.39089865691
67006.98189639246
67008.37522076747
67002.25746208389
67002.1526355908
67003.11089598233
67006.4193881432
66797.99474193765
66798.56264500656
66797.9989547426
66798.9823771085
66798.01452347892
50384.00057889702
50384.01560518449
50384.599932624755
50353.988596359566
50328.35956229201
50336.594638203205
50327.9939943165
50326.74957239618
50326.74974345912
50329.83868619808
50327.199175125716
50348.05110284738
50331.02689785038
50327.5548354182
50333.91236506561
50326.760964122754
50326.74957239618
60419.647689458994
50326.57738981762
50325.22853864769
50325.241604075745
50324.871747999525
50324.8962059033
50325.124940849375
50340.00150609453
50324.913605600705
50317.7996165606
50319.03853589406
50317.6524120099
50317.64576507149
50317.7508601138
50318.33942977591
50338.02637567031
50318.54876815891
50316.735041930064
52229.447297670464
50041.57030958083
50041.570308892144
50041.0135669307
49865.4290227646
49896.2535507384
49865.62011142149
49873.53597929557
45963.584125146575
45958.813407414105
45961.84287115201
45958.82895506046
45958.813407414105
46003.53447859699
45958.47863850564
45957.15309126967
45955.749885921374
45955.705060759145
45955.719093720814
45955.705060759145
45955.060209202384
45954.77804686214
45954.76854328924
45963.33365182417
45954.76713546583
45954.90796457767
45954.767191483996
45928.1230319643
45928.01933495318
45928.01933495318
45928.01933495318
45927.98270372208
45870.68218849746
45876.44425747687
45870.70758702697
45870.76520027658
45870.73085023048
45870.72285310715
45870.69132217325
46665.229759832735
45870.576551212696
45870.576551212696
45871.03883437571
45821.31769952523
46191.739475500835
45815.45735651061
45814.854740686445
45816.03676378884
45814.854835222766
45814.543238693186
45786.084819310345
45786.10746017528
45786.08591018981
45786.12378321238
45786.22339594003
45786.52800522562
45785.7274055048
45786.3124396966
45790.51539276649
53369.64066578452
45787.40437854356
45785.67606731717
45787.953436903306
45785.90712747889
45785.117095205555
45785.126718877436
45785.093538901325
45784.89574231829
45784.917296416636
45784.88001949398
45784.88001949398
45780.64924867337
45780.94845270903
45784.58143857576
45780.65950638102
45780.64375631889
45789.3997478074
45781.12393493914
45843.15520236719
45780.64375631889
45780.67404396597
45780.45369874264
45780.58853285136
45783.130490722055
45780.45369874264
45781.59357875127
45780.51942097367
45780.56841396291
45780.63097974314
45780.446781720995
45780.46650738119
45780.446781720995
45780.660106994495
45779.17446580419
45779.452355869646
45779.08273492688
45757.862866937714
45757.86389124248
48206.321800658756
45757.86689346975
45757.78548689098
45814.73769287124
45741.88908183994
46082.0614415651
45783.05967077648
45742.44711221878
45742.04005678267
45741.88930785702
45741.88602154686
45742.89102099283
45741.89582215388
45743.32579846689
52590.196352340514
53115.707757450466
45741.68383754499
45693.886678018636
45693.8485523853
45693.8485523853
45691.496520852466
45672.64800813511
45672.86419194289
45672.64800813511
45672.55617063768
45672.580557377085
45673.03664371885
45670.834362224894
45666.89152813417
45667.20511885579
45666.89152698161
45667.499215337746
45666.22625698259
45666.225705135694
45667.740337051924
45659.02367520148
45659.02789869293
45658.99839096359
45659.012811409426
45658.61748714384
45659.981402175865
45658.55212264277
45658.48618246302
45658.02201617708
45658.57000765811
45658.021007847085
45658.11677780618
45660.63724340746
45658.58981375247
45658.07713441427
45657.605586303085
45657.588344077
45666.27082164657
45657.58834458366
45652.30459358488
45594.641124832764
45594.6417709354
45594.64100087561
45593.9963971114
45593.887271297055
45593.59928889148
45611.599608718425
45592.24360013369
45592.226481914455
45592.211677962594
45217.697906686015
45217.71464190131
45217.697906686015
45217.697906686015
45217.51030988135
45222.67749376494
45216.14097779958
45216.1409835162
45211.35917894744
45211.246560769985
45207.23611346487
45206.20869037322
45206.189816420614
45206.42968036203
45205.744756772256
45205.48196219993
45205.52379165945
45205.319731313844
45206.814029084315
45203.7788373457
45201.62449660345
45200.642574615435
45183.81670166874
45003.80977801036
45003.80977801036
44989.90184220459
44984.4526176636
44977.18539672513
44978.594080385665
44977.18539672513
45074.320209300255
44977.336993928766
44977.18539672513
44977.14123908877
44976.706936254646
44976.45548314763
44976.36550200244
44986.48102102046
44976.336304417746
44976.336304417746
44976.33465201487
44976.11872497635
44976.363444357434
44947.25817127541
44943.199077276935
44943.157487506855
44943.339183829296
44942.97474767682
44942.90214903519
44942.49304307739
44941.38384617355
44941.37691104373
44940.981579064435
44941.0429848808
44941.066546035705
44941.65589779959
44940.98147344575
44940.45284161822
44940.43380478387
44925.28708919328
44925.284825069706
44925.284825069706
44926.8760973649
44925.29196429843
44923.42024994987
57989.71322947205
44923.42421459511
44923.47951976397
44923.39286393361
44736.65149596098
44737.14413766839
44780.5857821698
44737.65702982167
44710.88941853286
46489.08635381483
44709.87140556292
44709.95565988688
44709.88813393638
44708.7745267117
44708.25069841773
44712.80352125265
44708.225163985204
44708.225163985204
44708.22642179402
44709.03236991727
44708.22615748099
44708.32176898069
44709.71477210706
44700.8677031387
44700.87128432126
44717.17000961671
44700.86770397368
44700.8677031387
44734.838058137444
44728.47233925765
44700.87895777434
44700.79819647872
44700.93549575579
44700.79819647872
44713.029298845206
44700.436859564856
44700.436859564856
44703.56291666359
44870.403016013086
44700.43173032703
44700.43178071932
44699.703033379774
44672.821785799126
44673.67838978185
45537.7067227264
44636.76815697021
44637.60862624074
39390.943560789405
39390.57262320978
39367.27345898576
39378.020576076306
39366.4110508101
39366.46621945968
39372.96171224857
39366.19430034695
39366.17826887243
39366.21417988826
39363.40002768753
39366.59556093375
39363.39973542551
39365.743599708774
39483.70970806953
39363.39973542551
39363.400565460914
39363.39023111487
39363.4028788323
39365.42726769276
39363.38736384739
32250.468018555424
32250.468018555424
32250.1490832193
32250.1490832193
32260.02526394247
32249.906689313608
32141.919963143635
32141.919963143635
32139.106920350925
31921.946786145287
31921.971580054313
31998.44900354469
31921.99819103803
32106.24923685152
31921.973339652603
31921.94178202528
31921.94985839364
31921.999637991517
31921.94178202528
31922.201317241746
31922.340250582558
31921.944688369673
31908.636037756816
31908.636037756816
31909.03890445556
31907.33512167398
31906.636762443628
31906.63067221936
31906.61625795015
31906.8693713027
31906.556671855225
31906.556671855225
31906.549726020923
31907.990568873658
31906.551380329434
31906.57569281447
31905.135114596495
31904.108556355015
31904.216255166473
31903.20887439318
31903.208818240615
31906.11430682492
31865.924421403895
31865.917981623184
31865.978881955143
31865.917981623184
31862.00775624473
30671.440429478
30671.440429478
30671.455629003456
30671.599956889808
30673.224139223967
30671.441419893625
30671.455914203965
30671.440429478
30671.493916704865
30683.06957716142
30672.708238782303
30671.440422070173
30671.319326860852
30671.440209062093
30672.129620076328
30794.80765334028
30671.318385952498
30665.385774217477
30665.43637769445
30666.234031913762
30665.003432278743
30665.259189155422
33210.939482143076
30665.00345027561
30665.428768940914
30611.298652848298
30618.03037697724
30612.3755009748
30618.340899140552
30611.3077856657
30611.29823499565
30610.60211640439
30610.694908165406
30472.374499632067
30474.96556890269
30472.38353524558
30462.612195799586
30463.01057944086
30462.600130777097
30462.815706870908
30623.084950027314
30462.56752423641
30462.594364415578
30462.96729307508
30462.596767297855
30462.464734642996
30462.37345890019
30489.996190392347
30462.31899820356
30462.31899820356
30470.187918409425
30462.497548259973
30483.073254622195
30459.975757592212
30459.83480166274
30450.487825452306
16995.5476314998
16995.547118109203
16996.77674870904
16993.635600176865
17001.89114887651
16993.476969215237
16993.47697013159
16993.476969215237
16993.52163401396
16993.57098325075
16993.592760043477
16993.47008974495
16993.47545537441
16994.043006156724
17040.15066262132
16993.83422877799
16993.504176291153
16993.59403544111
16993.47008974495
16993.474554789445
16993.4698417386
16997.156993744335
16993.4698417386
16993.4698417386
16991.4351701389
16991.653888368925
16991.440736715333
16991.396176735634
16989.855305790854
16989.85185740053
16989.826091457264
16981.55592356023
16981.55592356023
16980.606738811348
23668.399913107678
16980.606686924035
16980.600679281983
16980.55746725743
16981.22390409224
16980.53189737997
16980.568144407065
16978.28031700168
16976.47180274532
23583.006663842025
16976.426193825533
16976.370018819976
16972.886364754246
16972.886364754246
16972.894052568205
16905.73806725293
16909.247105778853
16905.674916176315
16905.674916176315
16905.36852585436
16905.276405522487
16904.784697622716
16904.60715586697
16904.60715586697
16904.886611247017
16904.613692781295
16904.59322413163
16904.59322413163
16904.494927638534
16904.495211277797
16904.487030638065
16904.600684676567
16904.48864072792
16903.47955503433
16899.42373066184
16904.377029938783
16899.425034208853
16899.47002137035
16892.589706820585
16892.589706820585
16892.589706820585
16892.641794075884
16892.04807904246
16892.017927148823
16929.752724783913
16892.247933073228
16889.335997709644
16888.121058021494
16884.743613213494
16884.76786852423
16885.62810142697
16884.491441694972
16883.656686754286
16885.818068211895
16887.80966582287
16883.109281133497
16884.617888298122
16890.46368810635
16883.080713053812
16883.087642020495
16876.470468353917
16875.581349468677
16695.082450178328
16694.970402663523
16700.819539626147
16694.97042703551
16676.16485082731
16675.111317314288
16675.302540874098
16675.128981471382
15315.986764856241
7835.03079948941
7835.02893150504
7835.030372599764
7834.2553754196915
7834.304031438121
7834.461450274367
7836.68710004355
7834.402921013174
7834.2553754196915
7833.36521824579
7832.812453269522
7833.076891509039
7847.244634331495
7832.812453269522
7832.639860990311
7832.761308445137
7832.639860990311
7832.688267106983
7832.618446382701
7832.618444924968
7832.6201502954655
7832.619084243802
7828.74605155525
7818.053864593477
7818.056460991502
7809.02252913799
7808.906933859642
7786.847898356924
7786.749615573209
7786.749615573209
7786.662981440175
7786.675129845716
7786.662981440175
7787.701046311334
7786.877406857697
7808.16527048757
7786.6936207575345
7786.66544564179
7786.68174549587
7786.53250401997
7782.054069056181
7782.054537251156
7781.9458650243405
7782.154420302714
7780.859102104269
7780.833087544182
6586.666382496586
6586.676899499497
6586.666349151276
6586.66552576883
6586.66552576883
6587.202745321308
6586.648051981856
6721.466297371956
6588.151554031441
6586.648051981856
6586.648051981856
6582.821889289167
6582.839037365046
6583.287380399955
6585.174609978255
6582.911944493843
6582.821889289167
6582.821889289167
6582.821889289167
6582.796264855837
6620.446528348559
6582.342993116213
6582.342993116213
6582.342993120222
6582.396385205183
6582.327391077557
6575.680498421768
6575.702816264103
6576.140842740389
6575.619324415595
6574.667295027668
6573.556851596334
6573.570571992744
6574.124144431889
6573.980265128793
6573.559841761802
6573.573313206691
6574.95978195684
6573.561090550137
6573.556851596334
6571.497926428618
6571.497961774059
6564.95862935327
6565.588043118706
6564.95862935327
6564.9576798661365
6565.026370259178
6562.744534888482
6563.391640218688
6559.178860174266
6559.177714832111
6559.187458316839
6559.183139083882
6559.9836310356
6559.175456432849
6559.128788255674
6562.08182091662
6563.039701075928
6559.521101218565
6559.413446848866
6558.512629635695
6558.5114932171255
6557.873511597964
6557.5488885549275
6557.548773675874
6557.548773675874
6557.131467932684
6557.129169329675
6557.129169329675
6556.526377274336
6557.067432498391
6556.547728314328
6556.533627186272
6557.233533283336
6521.222347151984
6520.956513129789
6520.933427595315
6520.935701205741
6520.933427595315
6511.511046599618
6511.72884603401
6455.272785983737
6466.333282308904
6474.911358183882
6455.276094120546
6455.272785983737
6455.4067491325595
6455.273857914774
6455.295310810573
6455.272673243136
6456.060630038219
6455.272671719703
6482.555251417686
6455.272671719703
6455.446194704168
6455.270258901
6455.270431147253
6455.250344781342
6455.242948335585
6463.18290291976
6455.450024331285
6455.326087325658
6455.2420672298795
6455.23704131472
6455.2251868721905
6455.198954750084
6455.19977191565
6455.199011177681
6452.9312826709265
6452.931576522387
6454.0684961760135
6452.926618955264
7196.942974866157
6452.875718387479
6452.825890958857
6452.825890958857
6452.827883408661
6452.826422219349
6451.681765056593
6451.787392970077
6451.681765056593
6451.602161585037
6451.975346682329
6453.487829475832
6451.602161585037
6451.619046824218
6452.410174009561
6411.079836528056
6411.0462130688065
6411.0462130688065
6411.019540644599
6344.65758089663
6344.5226760134965
6344.4880377203835
6344.488055557756
6344.198787600087
6344.199005901471
6344.198787600087
6344.233467407107
6297.516377627692
6297.470013428369
6296.832378887
6296.832117344188
6298.226593122148
6296.83216038558
6302.238259655919
6296.325026411809
6296.324314808303
6299.8379931164645
6296.142379448794
6296.141104979591
6296.173000477125
6296.141095015437
6296.478844992139
6296.655595833524
6296.128983205111
6296.126626485444
6296.16755711322
6296.126619683046
6296.004535506148
6294.46216130191
6294.444134852137
6294.442484371375
6295.310884600336
6294.477732883484
6294.5668096941745
6294.442484371375
6294.442701338602
6294.422321189817
6294.422321189817
6283.608551282476
6301.525933413191
6283.366124073631
6283.708533860269
6283.371003636187
6282.805524071605
6284.521073349798
6282.805580744356
6282.808721010693
6282.650869563102
6282.650869563102
6282.660433647598
6282.659446813898
6282.672050626184
6282.650869316828
6282.69571831277
6282.650799227085
6283.01060880378
6444.232008085621
6282.6401329229475
6282.651907275971
6282.854174093577
6282.6119800793695
6287.676538854915
6282.577328047843
6282.706254593491
6281.955321027929
6280.776273951362
6285.180577195339
6280.728529373735
6280.726502014056
6280.726502014056
6283.276329047575
6280.398693265075
6280.398693265075
6280.292864795602
6152.505210755062
6152.467259353745
6152.46721292526
6152.46721292526
6152.376895212551
6152.376281924609
5877.862592361854
5927.727771070246
5881.149719643794
5878.619850378081
5876.762894885365
5876.769736957429
5876.757369051054
6112.7785389301025
5876.760095740654
5876.774231388092
5876.751300602448
5876.73635599713
5876.745490622656
5876.760498307985
5876.73127233695
5876.551455334093
5870.0703799058565
5870.147541809144
5870.264014065432
5721.98044569591
5721.961034828389
5721.961035165696
5721.9609669949805
5721.981847648463
5721.880033366285
5721.825540674415
5721.831955763068
5721.8402776579715
5721.663942471555
5721.663942471555
5722.623721489049
5721.092667254377
5721.189222186348
5721.0924744062
5726.349458605623
5721.08369345569
5721.075802237875
5721.074504392655
5720.97707116492
5719.17752592797
5718.480377092419
5718.310803116822
5718.208543605328
5718.29694832763
5719.343287975202
5718.210461669405
5718.208565296606
5718.208543605328
5718.208543605328
5718.208457977738
5718.208457977738
5718.002018227652
5718.009534538424
5717.898118360675
5717.898442363689
5717.898121839466
5717.153109297045
5717.14052786674
5716.608161736016
5718.333491224171
5715.520738712376
5715.952070087421
5716.203846016608
5715.526275878228
5716.3372450901925
5715.626571340017
5715.528485250695
5715.520738463792
5715.480926401459
5715.500740124469
5715.4961634265455
5630.444742919686
5629.795897693594
5629.795733568846
5630.913846481427
5628.686771819516
5628.686771819516
5628.685435451324
5613.623052360509
5612.542009211527


Error results for Simulated Annealing
---------------------------
47540.86230445945
47540.86531501133
47540.82590448789
47907.03607095189
47907.03571292778
47905.690822748664
47905.690822748664
47903.779376396655
47903.74942215709
47837.72113308365
47838.6243166348
47838.602704076475
47838.84387386675
47838.922154530555
47821.215866132305
47825.92255916929
47825.86782148304
47825.88636838382
47825.81030837162
47825.92576649044
47908.95211129264
47924.95150384648
47924.97861619142
47923.51388149907
47920.55778807575
47920.00113824568
47919.7335906405
47918.83649967554
47921.69340299618
47878.12222307465
47877.97911452771
47879.04476836358
47879.11603942841
43718.28186203952
43712.4147800787
43712.61285871724
43725.155994546396
43725.15831170006
43724.90157799132
43726.54177065241
43726.54177065241
43726.54177065241
43726.54177570397
43713.139054244515
43712.27714669301
43712.27714669301
43712.2819426531
43713.5978856528
43713.53481591606
43713.70151295557
43713.503160699496
43713.715369975595
43713.71502359076
43695.73885412462
43695.75467918569
43695.7578044799
43695.7578044799
43693.93075741548
43693.85924018352
43693.86024351457
43684.030769069715
43684.166909494896
49177.28148735218
49177.61776327944
49163.969722145404
49164.830611684934
49169.523323823785
49169.44584303523
46177.77916406516
46177.75924600727
46169.42739576058
46169.47351267386
45995.29700343441
54901.12832170367
54900.530145969555
54900.5575076067
54900.55503095336
54925.69576882965
51420.96109587061
51420.96109587061
51421.257999010064
51507.07897759169
51507.07949228734
51506.97213683157
51506.97213683157
51507.89214119667
51743.95437828004
51742.85535675393
51742.848387188125
51741.38498112559
51752.02140633729
51984.18157289682
51984.169548886945
51983.74899195318
51983.74917524002
51985.71689563881
51985.71649458671
51985.712190530634
51985.673508805914
51985.67938065142
51985.67936663787
51898.26804841049
51898.29493218198
51864.90124780799
51866.009666850085
51865.73909274097
51865.57702245912
51857.93132909471
51857.93132909471
43250.473402139374
43250.47139151166
43250.63696108891
43255.59650450375
43255.5555301547
43254.25124774929
43406.74244332366
43406.44371102119
43406.44371102119
43409.86867610133
43408.16832173986
43407.99467781727
43392.07790967852
43397.131357748956
43397.13102389883
43397.10506299398
43635.44325441133
43635.44571117051
43636.70000527744
43636.828574845196
43623.98932365593
43623.98909739436
43617.803263839225
43617.80673380416
43617.5908132312
43617.29848644327
43617.30765091725
43618.140121614066
43606.866399822386
43866.605838498705
43866.724586646946
48442.066633592694
48442.23250677756
48442.234333460736
48442.234333460736
48442.233976357464
48441.20966450929
48441.179653818166
48440.91606958234
48441.780863786684
48439.01007116566
48439.622287394515
48439.644417981304
48439.72892741813
48445.82940963641
48445.82016842085
48445.8225042356
48445.82920934703
48445.06831958728
48445.15405370787
48443.78159592579
48443.583300738246
48447.3462020416
48446.517975445575
48444.7374476778
48445.07576401565
48445.077477181876
48445.077477181876
48442.44770852546
48356.09400702396
48356.084843381905
48356.11758304356
48357.49627394025
48357.24811246993
48357.20821168772
48357.19612953103
48356.7445735929
48356.75101346958
48356.90503426074
48357.13372041587
48357.280757904075
48342.55946218746
48342.237574038176
48339.707235000526
47114.63180096708
47114.63180096708
47109.03537563348
47109.03539570023
47108.27092487164
47108.264804734936
47109.09627522713
47109.10912176545
47109.118140682716
47103.07938426267
47103.32877662869
47113.22468092756
47113.068212865655
47113.068212865655
47114.348910424174
47116.04983802439
47116.26382587256
47114.68320211411
47114.636705808494
47114.17516088459
47114.09729610375
47113.968518104884
47113.97830644785
47113.97830644785
47110.21117994817
47127.810947681624
47127.9666371428
47132.04447685288
47132.41147189612
47132.51804841783
47142.20102534793
47141.32942968746
47141.32942968746
47141.32942968746
47141.30322486805
47140.7572268673
47140.75654668161
47141.474863429874
47141.60726720965
47141.0454309318
47141.0454309318
47140.10421593523
47141.44044807706
47260.309126286425
47261.45347080289
47261.94233926188
47261.93902700857
47258.7953297277
47258.80300586896
47255.52628380838
47347.080185963096
47347.09683895976
47352.81126371969
47352.70282051402
47351.83894381071
47352.633226920814
47356.996550212825
47360.00454250164
47360.10270595776
47360.02316634424
47922.374604832075
47921.78534750136
47921.781606481134
47938.748920598984
47938.80920650294
47938.808129704455
47932.05902934776
47932.88281272995
47932.88281272995
47932.91425225002
47933.951228416576
47933.971639424875
47968.55212837523
47968.84572205319
50514.0746721733
50514.07393225557
50512.34705788343
50464.47521163398
50462.7944731585
38971.698756755104
38974.65716203847
38974.50781746027
50150.27041141807
50149.94858838846
50149.858384662744
50150.376547198204
50150.366411538176
50149.93581991692
50150.87352820992
50151.13333426204
50151.14274421985
50150.93224797943
50151.272292794914
50151.23879293184
50151.267186028745
50133.6174423963
50133.01587871494
50133.03536433345
50128.96095114944
50128.93722067352
50139.616526152124
50139.62853163677
50139.62840770564
50139.5106762905
50140.17930849209
50141.04716539521
50141.04724777739
50141.381850964826
50141.38169846975
50268.555299623746
50271.0336508793
50270.6284998431
50270.466368942805
50270.56005724545
50273.74440306873
50300.68518786283
50300.6581322434
50200.235836280954
50198.775962486994
50198.775954157005
50178.67101437436
50178.85135787878
50181.85156532848
50619.89945972138
50612.85204425724
50612.86398785376
50528.209106935145
50528.20342731196
50528.203270571394
50528.82059646654
50529.0424006671
50528.8870178951
50578.057365280256
50571.30638963276
50572.22017760455
50572.220393345655
50571.96687596106
50572.674830206844
50573.24450466116
50573.22623686579
50573.78463287445
50576.820079949
50581.400202239776
50581.400202239776
50585.64340148158
50585.61734499279
50576.7316679182
50576.621889349764
57433.522030796594
58785.719904041296
58761.85197990046
58761.85197990046
64416.59426997226
64416.60114981636
64416.60949164945
64409.15206438526
64414.33282670759
64414.33282670759
64413.32170150577
64413.27938164641
64413.38551588609
64414.131021535315
64414.228032353516
64414.19015919969
64414.3194918749
55308.06956415056
55308.06648367736
55308.06648367736
55306.16890100946
55305.32739498006
58785.02930531246
58794.94433511149
58794.916594532544
58795.50455922641
58795.955012311955
58706.994428912614
58707.30043781132
58707.263701843374
58679.75447426422
58676.27335023676
58676.27668238703
58680.10507192243
58680.14054903917
58683.25525660967
58686.102305324
58685.99285099338
58691.957659148786
58691.96356681501
58691.96356681501
58691.96356681501
80448.02310113984
80450.54290087578
80450.54368913252
80450.54368913252
80446.11916822084
80435.38846718715
80457.49386103738
80463.51504308608
80463.05912778359
80463.17503095462
80463.17264262679
80463.4425549189
78085.37542533212
78082.881469609
78129.42229862287
78131.31993581973
78131.81036591764
78479.1906272726
78479.1913649733
78613.89236223271
78611.54636904341
78611.49867833995
78611.49867065098
78595.19898970624
78596.2893078505
78387.17408052529
78387.23552328067
78381.41379363276
78399.57858184815
78402.27525182173
78402.26829340697
78402.2368964572
78408.30240042461
78415.25233550317
78416.78962790799
78417.379879507
78419.62865609251
78434.81047106737
78434.8069406904
78436.21942947188
78438.711390113
79035.70921222438
79065.68958995333
70463.61530637069
70529.37831510812
70526.26832134358
70656.63905323307
70654.49707472367
70654.49707472367
70654.49693559585
70654.49670856999
70648.64057838153
70648.55134794569
70648.45499742094
70649.96228887381
70656.0201334373
70653.7454208133
70653.75743548425
70653.78021528693
70582.64097151688
69314.33356989136
69314.31861099938
69314.51482580292
69315.34550928611
69315.3521256479
69315.19925430593
69315.19925430593
69864.66037228715
69865.99400296371
69878.84979519066
69878.85377963787
69878.85344139431
69878.89928642868
69879.04064491212
69889.06687274647
69890.73555247928
69890.68857136714
69889.7565559884
69889.75839795553
69887.48396602887
69889.7568627194
69899.13729125759
69899.64081541343
69904.21030043067
69903.70266968377
69903.70021821615
69908.68124493153
69909.10225539564
69908.97589381083
69912.65057739946
69912.66879181216
69914.6684663056
69928.98012108744
69929.23612088515
69929.3294678874
69929.32747744974
69960.53347373633
69988.17849454853
69986.64746552162
69985.62494574516
69985.85972279303
69985.85972279303
69998.99071898095
69701.302029156
69679.23664989897
69669.05742873796
69669.13026278597
69669.13275611821
69669.10543841502
69681.65576610342
69682.0576878168
69682.21594870328
69682.22457429055
69682.20177969507
69649.10605894665
69649.40616990489
69639.78167469456
69642.97868902647
69642.85227101529
69643.32060050867
69616.63322752781
69618.81893411501
69618.79951428482
69613.27821175606
69613.89417021438
69613.89417021438
69613.94146181253
69613.94120724096
69614.0817394313
69610.96239851078
69610.95639001088
69611.00761815721
69611.10814520915
69611.2564952518
69613.75327067156
69613.75327067156
69615.8869105953
69615.95143338676
69602.27598768601
69602.25184987689
69602.32126454095
69602.3471465481
69602.1717902565
69602.27226774348
69602.26298039962
69596.56103346407
69596.52668643872
69596.68539769639
69596.68519468402
69596.65128616552
69614.92803474345
69614.9241430871
69534.19533472155
69534.18306255652
69534.49273005743
69534.40578935608
69534.4036354874
69534.40732270303
71809.89850923108
71809.73871246773
71808.42130790661
71785.12135176812
71785.13012031502
71785.32522931034
71785.31996283504
71824.26176649438
71774.02864996942
71773.85137475586
71773.85001339231
71773.85001339231
71774.22091962004
71781.49898202805
71781.4871311711
71781.89198132686
71781.49232317139
71781.51382713638
71779.5132460231
71779.43570260263
71779.55736575558
71778.93207348604
71808.82402523959
71809.24965380179
71808.46825784179
71835.98939322364
71800.91161793844
71801.06693078726
71800.93396968195
71801.76870262403
71801.01471758907
71801.17047620656
71800.55860803687
71800.69341147982
71800.83945690197
71808.59121185556
71808.79101324295
71819.01909323044
71819.08160851894
71818.19464927014
71822.08845805215
71893.32094137631
71893.27792100071
71895.09347567314
71895.01926740973
71895.07603889101
71894.39483220814
71903.5166663377
71903.51703549022
71914.68758319311
71907.14440396788
71903.74685071367
71903.7468556184
71903.52589666878
71839.9795723043
71839.9795723043
71839.34710252234
71839.34710252234
71839.51570188282
71839.52677434211
71839.52677434211
71839.52432848809
71840.69566439358
71840.69565315107
71840.72788032274
71840.72782097619
71839.55015776117
71841.10861378245
71841.59106425598
71841.5453878851
71841.53203512605
71841.52744099582
71864.33129773948
71864.48793663418
71619.76317529663
71619.86540413457
71609.57885416385
71609.57780586224
71608.74987759121
76505.14972136308
76533.43242344515
76533.43250007968
76580.47796371514
76580.11837075028
76580.11837075028
76579.88369870796
76580.17371389718
76580.18242829214
76579.6904386185
76579.935175145
70875.8733896143
70875.8733896143
70881.6072352987
70881.62325198542
71997.91975274596
72001.56529096025
71936.29831371212
71930.00361803868
71974.2825625183
71974.70355907657
71975.42311850659
71990.56123861189
71990.62569073557
71990.36093615639
71990.99503022253
71990.8801477272
71991.39149305552
71991.39149305552
71991.4405455236
71991.81984331396
71998.27827130762
72000.93837880372
72003.72189281923
72003.73745140815
72002.48807389624
72000.86391320266
72001.93345304168
72002.03123662058
71975.9071002007
71975.8909568272
71975.8909568272
71976.07984685498
71976.05370159686
71976.23293043581
71976.57540348388
71988.96961609053
71996.03449575506
71997.70772651672
72006.80449953934
72006.9180046741
71992.1910850076
71993.11434166894
71992.98691513759
71998.09277611243
71998.12799818623
71995.89424965625
71996.44967339003
71997.54648557233
71996.55990838712
71995.99187321686
71995.04400396178
71995.82626655392
71995.98416279863
72008.06295874709
72007.31838757324
72007.49137336607
72007.49137336607
72007.43923066997
72007.34380639897
72007.52608599792
72007.48196027878
72007.34559621183
72004.27004545994
72006.40259658491
72008.32141983297
72009.76674585175
72009.76674585175
72010.96084302351
72014.15738738039
72011.24068246616
72011.24068246616
72011.4169557596
73009.03582280276
73009.25574599081
69500.4266343246
69500.4266343246
69499.20985688413
69497.45129606868
69493.67385713648
69562.65776268957
69659.96022496822
69651.21748552684
69651.42876692595
69663.32407018736
69665.23283174819
69670.48162756464
69670.50737870189
69670.50737870189
69670.61766760769
69656.46262468254
69656.46304497382
69656.10130221785
69643.93292884054
69643.93292884054
69638.70746594577
69623.01281149154
69623.01281149154
69616.529245402
69616.56952223509
69616.5317919745
69616.40309138053
69619.86394740242
69619.76886289043
69619.78434019643
69619.78625822172
69619.78625822172
69618.5005620096
69547.0694524568
62887.42223086674
62752.65097731657
62752.176092199006
62756.588638413494
62750.38823882422
62762.40233177628
62762.39961707368
62762.16531146697
62761.43150360912
62761.361742347835
62761.49163702097
62761.36117832078
62761.37971655525
62761.396652309624
62761.41496337438
62761.41496337438
62761.44044537486
62741.82694052699
62741.35711018476
62733.55693311306
62733.57699774985
62733.476631890546
62732.79662275448
62761.840141102926
62976.89152004721
62973.49671282892
62972.079306260515
62972.075265469524
62971.996209141136
62972.045630536326
62975.30301287049
62977.19723452491
62972.72910036128
62973.029404138404
62973.029404138404
63087.189560410305
63087.16564717341
63086.22870145564
63086.24405987357
63086.24405954149
63101.09038499173
63107.721436208376
63109.21138583506
63105.88894897109
63106.02702055157
63105.96758090416
63105.86995250946
63105.07112734334
65192.86753483633
63105.738997569286
63105.73899785309
63105.652254022454
63056.209740659535
63053.27813227182
63053.27813227182
63053.25549150863
63053.51940364151
63052.5016821708
63050.93019513661
63051.00764243974
63051.01249564862
63066.12916885293
63066.12916885293
63065.46711720662
63065.35379581752
63063.20636114867
63052.82038741341
63052.91519633517
63052.97985945992
63052.2740237162
63052.2740237162
63052.24292055219
63050.98076513666
63051.59772134651
63051.606739355375
63052.471034661015
63052.471034661015
63053.8643559233
65947.63336084515
63053.838241345125
63126.82873612896
63143.135101668435
63142.93210225032
63142.94002770128
63101.761360646
63102.21844325337
63102.17683577477
63102.17683577477
63102.17683577477
63103.83570259663
63109.08153206385
63109.08101223388
63109.08101223388
63109.81152020974
63093.42530226081
63071.161138956384
62928.8297126264
62928.298458958416
62817.93507937834
62818.99325735376
62818.87430116206
62818.82774158204
62818.82774158204
62818.95166929726
62806.970452289235
62806.97053594704
62808.050284103854
62804.349750047746
63068.125182864555
62806.348118086236
66882.5876770597
62806.34659422305
62806.344986680124
62804.4041630839
62804.5692448215
62804.45890097548
62804.68732258309
62804.65213039914
62466.07509852014
62466.49935134228
62466.49935134228
62466.49935134228
62466.49935134228
62466.49935134228
62467.97846800756
62467.88491166788
62453.30040456537
62453.91950729504
62454.10729151468
62454.392514806364
62457.73370805854
62458.12683992161
62458.01836766668
62458.52000108232
62459.0351723016
62458.7619027182
62466.55264580224
62466.973919585165
62564.975350164525
62467.20280241022
62491.74965817453
62297.93439981539
62297.615271738025
62297.614194265756
62297.37976888235
62297.38977703356
62297.38112308481
62297.3819157632
62291.081615740935
62270.394152274326
62373.61926220337
62270.39415640703
62270.3912684437
62188.545511750184
62188.02916534383
62188.14893146385
62153.86556720651
62162.0822428203
62240.8998013956
62063.16776520969
62063.29528326874
62127.88857897129
62032.33925481649
62037.048372132085
62032.1903494422
62039.04795921173
62032.0856187192
62031.47075179414
62045.08651713925
62031.51567504536
62059.18512029305
62028.73111398749
62029.429351928644
62018.1199506343
62018.096516177444
62054.61965087317
62018.36118892589
62018.32338907507
62018.168441599286
62017.59854400324
62017.59854400324
62017.57465641666
62016.29163142906
62016.28918697746
62016.31910571626
62016.21805650007
62017.68977490167
62017.696923306845
62017.71428528016
62017.71961614987
62017.37714570242
62017.214828668286
62016.68306724178
62016.68306724178
62016.67142566085
62016.75253953914
62016.60459947433
61892.12894286139
61892.96886443728
61892.11351360776
61892.11320150441
61892.2122921438
61892.218686388165
61897.11488947285
61892.21510694721
61892.21054671844
61892.12855205077
61892.166126328506
61891.6191810025
61891.44889886909
61891.44889886909
61891.5118418511
61891.52019744076
61920.63036396353
61889.66105687594
62369.065844824014
61889.66358507449
61889.35148214633
61888.116709955575
61889.70372120952
61888.10882466284
61888.13214846647
61835.50130741757
61835.017687263346
61835.19072686669
61834.69311560142
61834.69639443571
61834.752765350866
61834.70004368655
61834.5607166764
61834.90522274066
61834.5607166764
61858.884372835564
61834.5607166764
61834.56080937989
61834.54439200541
61834.55642876875
61834.56676832401
61834.338633655934
62113.697667601016
61857.40621692244
61834.305671172646
61834.22780289414
60461.92836136304
60461.28754916234
60461.3067570959
60424.32434084415
60424.26785623575
60422.515742236865
60399.328360133026
60399.35624100119
60399.35772755775
60401.44944431023
60390.69182453014
60389.713395536906
60338.791039127405
60338.79629428344
60338.35402958113
60338.35054429363
60338.35052047214
60336.550451541094
60336.62706568122
60336.63081224603
60336.6101369941
60335.620998456325
60449.89819207436
60335.47391112253
60335.64059041314
60335.47443413809
60332.880137387474
60138.698543961335