Error results for Standard Genetic Algorithm, 5
---------------------------
0, 1092.3439294764296
1, 895.0501930509708
2, 1519.5422575158254
3, 978.830026509357
4, 697.1076449830126

Results for Standard Genetic Algorithm:
Correctly classified 6867.0 instances.
Incorrectly classified 1257.0 instances.
Percent correctly classified: 84.52732644017725%
Training time: 61.278832485 seconds
Testing time: 0.055803844 seconds


Error results for Standard Genetic Algorithm, 10
---------------------------
0, 981.0534616440953
1, 1185.2748882715075
2, 1268.048106056555
3, 1063.8269375593004
4, 1168.5887222809195
5, 903.3598030636351
6, 1200.9327966986104
7, 1129.2454248139736
8, 854.7090764842337
9, 1015.2069150486102

Results for Standard Genetic Algorithm:
Correctly classified 6956.0 instances.
Incorrectly classified 1168.0 instances.
Percent correctly classified: 85.62284588872477%
Training time: 123.074077368 seconds
Testing time: 0.029996883 seconds


Error results for Standard Genetic Algorithm, 25
---------------------------
0, 902.9106025260378
1, 1286.8446153129419
2, 1042.6556319414349
3, 1242.5213491266409
4, 1393.2283717933278
5, 1026.0434245130782
6, 1058.6342401577356
7, 983.9544850843382
8, 877.0534227154454
9, 1161.6287682613358
10, 1117.135153872358
11, 1126.8544225618894
12, 1023.8121948701998
13, 1011.7002225532707
14, 1506.1806965789203
15, 934.5478626093937
16, 1176.3974589178647
17, 1201.0091456466148
18, 1102.5355623859732
19, 1209.5948748649832
20, 1149.2666913112478
21, 945.1357891904444
22, 1154.9328944329804
23, 1118.0622405884674
24, 1195.7291103445984

Results for Standard Genetic Algorithm:
Correctly classified 6166.0 instances.
Incorrectly classified 1958.0 instances.
Percent correctly classified: 75.8985721319547%
Training time: 301.617521039 seconds
Testing time: 0.032333298 seconds


Error results for Standard Genetic Algorithm, 50
---------------------------
0, 1257.8368366903717
1, 982.6232520619112
2, 1218.3975385728588
3, 1305.7389694875317
4, 1093.0026074759278
5, 1497.3345657406887
6, 1072.8796896069248
7, 1204.8422663276413
8, 1512.9126138698982
9, 1258.989119278104
10, 1065.3355963804606
11, 1217.655163998982
12, 1711.4717258753396
13, 1245.3728718875213
14, 1517.5952727922818
15, 1060.7934879679106
16, 950.1728718424632
17, 1108.8713305035994
18, 1311.3808918578443
19, 1047.5778493710561
20, 1541.4107177299463
21, 804.1964651954431
22, 1064.2549567090618
23, 1466.496241164239
24, 1020.754990405008
25, 1327.2282441691239
26, 1043.6956854928565
27, 1194.0829061823406
28, 760.5375808953881
29, 1270.1936669891377
30, 1258.0129323036658
31, 1150.1694479793784
32, 1123.8732971171617
33, 1220.4334212500676
34, 1131.1898240042203
35, 1496.1799473372505
36, 1171.7241032047245
37, 1245.800721923111
38, 1016.3883465147373
39, 1114.0580639256457
40, 1225.2901003995821
41, 715.5543457376081
42, 1104.671521643546
43, 1070.3465856621676
44, 850.1967678052565
45, 1135.955130207102
46, 761.2591354243451
47, 1061.2874487654667
48, 841.4793338799261
49, 1123.6424663167847

Results for Standard Genetic Algorithm:
Correctly classified 6438.0 instances.
Incorrectly classified 1686.0 instances.
Percent correctly classified: 79.2466765140325%
Training time: 600.529896173 seconds
Testing time: 0.029707636 seconds


Error results for Standard Genetic Algorithm, 100
---------------------------
0, 1748.5379115720373
1, 1096.2598979516233
2, 1374.6972847632783
3, 1100.0296033136442
4, 1205.1198159279043
5, 974.4626729216795
6, 1187.4218046874928
7, 1135.9039281603953
8, 848.8320812601834
9, 879.3002419823094
10, 1137.634340897395
11, 1062.2727948802815
12, 895.2769497970819
13, 1030.9007119858886
14, 1359.9028421522696
15, 980.4841230147432
16, 1311.8767151873303
17, 966.3753418201034
18, 1079.2400771586274
19, 1164.9589170568893
20, 895.2629898526685
21, 1141.0880882041065
22, 1195.6365076594209
23, 1161.8872892044326
24, 1077.112489548608
25, 946.3614583553556
26, 1290.7239363851972
27, 1195.5001444877566
28, 1193.423043612626
29, 1158.694889806427
30, 1416.6129435298924
31, 1000.0794748736098
32, 986.0042280163455
33, 1021.3910295998319
34, 1358.9962587558357
35, 1005.2682293289669
36, 1357.7573155834455
37, 1093.9682985722084
38, 892.2430878406894
39, 1271.09083026431
40, 1310.529982387709
41, 950.2794134608481
42, 952.8519982262251
43, 1248.4871988257
44, 1338.427771875546
45, 889.9132616647335
46, 826.7614566471202
47, 703.9657058740229
48, 989.9878502387978
49, 762.9511632771075
50, 1402.940251965247
51, 775.973424089463
52, 919.7514522189119
53, 1107.3659935952935
54, 898.5211453891575
55, 748.7232525012228
56, 1119.2258826312918
57, 1367.82900580794
58, 1201.5295274028538
59, 1249.6574207470692
60, 878.9602447449779
61, 720.1134934610076
62, 1101.8932387688008
63, 1140.6953944307727
64, 1175.7709668502835
65, 1342.3126375219706
66, 889.8155056635721
67, 1402.2502431272685
68, 1073.3575591799377
69, 1001.4280700443447
70, 859.560045513106
71, 882.9704682875836
72, 1123.460428741711
73, 731.0325807915939
74, 734.1173857030358
75, 1160.797088572676
76, 613.8265608371083
77, 811.902705385717
78, 1538.3479895324024
79, 736.4953908803003
80, 619.7938628047386
81, 822.7854975034552
82, 798.4390270548691
83, 854.6838867380359
84, 933.9391163203658
85, 727.2816211965524
86, 1033.940245473582
87, 947.2235028596014
88, 1233.2667988816895
89, 799.010900634545
90, 673.228358426959
91, 774.102829030448
92, 882.1485893737893
93, 788.3166247198308
94, 873.6774461796432
95, 689.4842620738744
96, 710.5352751696095
97, 786.78755777201
98, 909.3304503568284
99, 850.7853210551174

Results for Standard Genetic Algorithm:
Correctly classified 6880.0 instances.
Incorrectly classified 1244.0 instances.
Percent correctly classified: 84.68734613490892%
Training time: 1197.84629084 seconds
Testing time: 0.029727031 seconds