Error results for Standard Genetic Algorithm, 500
---------------------------
0, 1181.2529017062823
1, 1092.8778554420949
2, 1093.7091682574246
3, 1130.5701851381955
4, 1215.7249179018597
5, 823.5124830288252
6, 1085.2313398813499
7, 1198.5446472440858
8, 909.0831555977834
9, 684.6651295819381
10, 1145.1971156726631
11, 1230.4052463801816
12, 1267.9831701610449
13, 1204.5330481630326
14, 1259.8874771969113
15, 1510.7335137218695
16, 1350.5313660950715
17, 809.524930573755
18, 1473.5217292524185
19, 1087.3452270144448
20, 1126.1684130346318
21, 979.7137377996091
22, 998.674528845808
23, 1371.4400044580636
24, 907.3928336263111
25, 1247.6213340555666
26, 1024.3334043351374
27, 869.0323504065393
28, 1120.0085969025267
29, 913.0114702316538
30, 830.6921778021766
31, 1004.274915525682
32, 1733.224511931561
33, 979.1738874754942
34, 1119.9307722313367
35, 1560.1125454179544
36, 990.1035593653852
37, 1384.5924632074984
38, 1016.3977457809118
39, 819.520252205362
40, 1153.940263431742
41, 966.5170102807973
42, 1194.187953453638
43, 1364.6831351221995
44, 1216.4731721824926
45, 1035.3831143794323
46, 1022.4836533429467
47, 1100.3798070910343
48, 1143.9279124078848
49, 1149.1328170337679
50, 1053.1404116409421
51, 990.1161368674569
52, 1256.6597233871082
53, 817.6246944513896
54, 1236.979454047529
55, 988.8515091675694
56, 1142.8505823808496
57, 781.6540158227099
58, 1056.4993785849988
59, 1235.9209688954315
60, 1012.678380954205
61, 1206.6373853907562
62, 1313.671701299567
63, 1361.7903192117428
64, 1514.9806159733434
65, 1247.2759504746036
66, 1041.72760616635
67, 823.5862548679988
68, 886.717746313482
69, 788.5273473114473
70, 1379.8959308554463
71, 1021.1353569667407
72, 966.1771236163353
73, 777.3778390016976
74, 839.2987653884733
75, 913.5910515608325
76, 865.0963640069501
77, 1010.564827139674
78, 846.2800185124883
79, 986.8602162297764
80, 893.4316051690985
81, 1508.5245522165578
82, 863.9809634843817
83, 846.940118101684
84, 1279.4017659415258
85, 705.970821433833
86, 1126.5032375725848
87, 991.6902525504549
88, 941.5392117992589
89, 976.8592546678003
90, 920.0754076180164
91, 685.4732986419597
92, 1126.8407389206486
93, 806.5890561882625
94, 996.0193684952121
95, 675.9138714361203
96, 743.0776187714436
97, 802.3189427968767
98, 1107.047588793402
99, 905.1972747924395
100, 761.9445643216176
101, 826.7573749519802
102, 674.6188863116301
103, 1132.825701825658
104, 1013.5349188343174
105, 702.6489136597139
106, 817.4737160369099
107, 925.9965191864889
108, 1208.272651458434
109, 812.8606191704208
110, 623.1515568452384
111, 1168.73913686133
112, 768.2254783099954
113, 685.5428266972449
114, 832.2372831620086
115, 759.7995957791369
116, 947.5302832594512
117, 766.0526971866084
118, 910.5069722004057
119, 709.5970962212789
120, 921.1150560446837
121, 736.7539976223626
122, 718.3569232619349
123, 675.0411633070875
124, 695.196556595234
125, 798.6904474368607
126, 514.992906443747
127, 809.292556423897
128, 618.8277254616768
129, 1015.7479015986862
130, 690.4124561236628
131, 708.0514763996304
132, 704.6675699720106
133, 776.5804662895782
134, 709.8742999613348
135, 935.8619141689603
136, 671.8752700724267
137, 750.5504182357021
138, 703.8307979880499
139, 679.7593929627523
140, 732.7487250721947
141, 594.9311669216039
142, 1100.3741783029543
143, 643.4876532758676
144, 601.4496522277826
145, 569.3266334259475
146, 553.7646594729397
147, 737.1640067780382
148, 771.3077054130653
149, 653.1135699861943
150, 659.6390292706544
151, 537.4363094299352
152, 629.9312787542551
153, 543.6719721064615
154, 582.338316397577
155, 544.6362337969705
156, 687.9529367976014
157, 914.1671315344047
158, 537.687241167722
159, 501.0642158193733
160, 715.1771063141729
161, 609.2555259490848
162, 898.161399552303
163, 554.149789332687
164, 570.1194254266392
165, 596.0371912541692
166, 573.6160262052164
167, 1580.35813027519
168, 715.3294563223654
169, 651.0453557293968
170, 811.6909835937574
171, 600.5241176754695
172, 937.9861242125734
173, 515.8546682744973
174, 500.31243291838194
175, 493.9253738229893
176, 598.2215693195947
177, 605.8112272220778
178, 486.51144440292194
179, 633.4970188179907
180, 682.502111822175
181, 492.847841297599
182, 617.6277886210545
183, 487.4929231897558
184, 589.09106721048
185, 680.0106821710002
186, 470.7810676595448
187, 569.9227176614498
188, 458.8848553825556
189, 491.6419394431003
190, 438.84769730766834
191, 484.4171585596856
192, 519.6502849978862
193, 805.0298178972783
194, 644.4640996130174
195, 545.2015346068266
196, 496.36521574005764
197, 576.5145251579578
198, 608.6902764095441
199, 485.34681602512313
200, 549.7840666022582
201, 591.2615492419026
202, 446.89274310315835
203, 571.9942646149065
204, 493.45802269105167
205, 542.2757663778898
206, 553.2192444948039
207, 405.8133762697665
208, 455.7663125890422
209, 533.4496305428969
210, 358.08099242874005
211, 649.9961989521559
212, 590.0365582600788
213, 412.69856924493894
214, 646.6379917013749
215, 492.74800649273163
216, 720.6215193525285
217, 479.0841038124523
218, 422.8021406378368
219, 619.6187996695297
220, 417.492727397641
221, 403.08625578705824
222, 447.81805044788155
223, 552.9012788128135
224, 334.2364506068065
225, 401.20341132459356
226, 405.1819162882918
227, 493.85740499284697
228, 508.10114950717383
229, 469.7129592871324
230, 521.9776839599505
231, 427.34801880348556
232, 443.68608446661636
233, 468.987960933298
234, 405.0974324922039
235, 410.32016346477826
236, 480.7196991657034
237, 447.81679849138027
238, 481.5729314573964
239, 434.17678766216324
240, 549.4176620505808
241, 425.5538322964876
242, 657.6601466265074
243, 398.1123537314646
244, 373.92234499329805
245, 507.6093705145834
246, 385.4333907391106
247, 470.14200383482495
248, 388.664577547086
249, 385.3547219065709
250, 411.27183851831194
251, 397.89257102549374
252, 424.82895606796933
253, 392.60772065795805
254, 436.5631146717235
255, 553.8665132255875
256, 602.9655318964767
257, 396.94993443699286
258, 379.3326921830678
259, 428.7171603100935
260, 440.6586627625909
261, 427.73929699245764
262, 424.8820323940393
263, 523.004076290184
264, 576.7350612751429
265, 428.54710828919235
266, 506.1793110333888
267, 371.0275447091481
268, 363.2636100365188
269, 535.9086686772908
270, 393.0559692467243
271, 392.82738844102914
272, 706.246098837433
273, 382.3522496766603
274, 372.03539223914606
275, 406.37460582145025
276, 451.4608740637936
277, 562.9183644044034
278, 398.2668749185532
279, 398.1143710911968
280, 353.3217525235002
281, 379.2363348418093
282, 395.7907454778828
283, 704.2992902801881
284, 389.7373858274818
285, 353.3469073132832
286, 371.83666750196096
287, 452.18782745704976
288, 476.41934639809284
289, 417.5597642225925
290, 406.58161305962705
291, 387.05399645602256
292, 366.4629507555612
293, 312.6962940721749
294, 332.855715661391
295, 381.779017737567
296, 420.32430309065387
297, 318.6305401802166
298, 481.3347959121776
299, 392.5437797722634
300, 396.2594002233074
301, 350.64906948561355
302, 377.3234538272824
303, 455.16636233715803
304, 365.7751899460048
305, 401.06455560670923
306, 375.2024854226206
307, 334.7780446669066
308, 394.7790022555268
309, 395.4099845955342
310, 368.6811699082133
311, 403.5583957834712
312, 340.1045975822105
313, 304.87820653136976
314, 389.297713586575
315, 313.7819249332445
316, 341.78755762543244
317, 436.18728505783986
318, 345.46061878175806
319, 294.4546425923433
320, 329.7692410489038
321, 344.11747243678514
322, 402.03921222187415
323, 459.51460868127805
324, 381.24693679720207
325, 347.17608575100286
326, 420.0689849886764
327, 349.04470546198786
328, 331.9034823249666
329, 355.72458967802527
330, 337.2931242559416
331, 339.3959741799318
332, 337.2303108359202
333, 361.8489275847114
334, 309.3357560300154
335, 444.59788821501576
336, 386.0432730820114
337, 353.2385961579839
338, 305.680079750112
339, 295.3995328328666
340, 285.82117376921053
341, 314.5954352913481
342, 324.19626728950965
343, 474.3593308670427
344, 306.3999206114499
345, 441.323448345233
346, 338.3281489037376
347, 633.991359401345
348, 325.29543892218334
349, 352.58393790053276
350, 346.04435442921334
351, 313.8816271409289
352, 311.64478820732916
353, 316.3908515748942
354, 321.30806890318445
355, 342.1274256133692
356, 357.5066290181508
357, 301.0179510530255
358, 331.55176888841424
359, 353.59295838813875
360, 280.2255148646398
361, 542.759442605689
362, 308.2433247111188
363, 271.72510457058394
364, 293.2546186437313
365, 311.356336223802
366, 307.2839879871001
367, 358.3152153368424
368, 419.46375121578905
369, 254.11681729754017
370, 289.67279646089406
371, 352.7905402812936
372, 373.9086522694058
373, 274.7461536763563
374, 293.87063859821836
375, 315.3729893265007
376, 378.3915130477591
377, 320.9395864748105
378, 291.221548000599
379, 323.0308740570018
380, 332.38248518817596
381, 280.8373156523273
382, 310.0054106454541
383, 245.88981132840038
384, 282.50410781066677
385, 382.88261849959775
386, 281.4606053365784
387, 316.0926290793844
388, 313.14626449492886
389, 277.32984602911915
390, 295.1531577531361
391, 293.2982339315079
392, 266.2451884765058
393, 362.54195994960196
394, 431.038440599154
395, 289.1126931284551
396, 263.82031565346267
397, 257.98739855633954
398, 409.21041671390367
399, 263.56962350922686
400, 319.0730842366535
401, 372.39703221058335
402, 288.03195433083044
403, 269.62117654348896
404, 341.50422538045865
405, 316.38642894080266
406, 267.3851266711498
407, 308.2797036863119
408, 301.7979592142545
409, 243.56386720704924
410, 289.13271605464877
411, 275.5279148958874
412, 319.0329128594731
413, 360.3798031121112
414, 232.59723109967294
415, 259.1920463649625
416, 303.8753245757152
417, 267.11603974670794
418, 286.2638685233108
419, 306.11138660220763
420, 275.5216751644744
421, 265.14195410221856
422, 278.46065994255724
423, 291.13193682385867
424, 271.00763865879577
425, 288.95767609473006
426, 279.78549106151274
427, 320.18531500257944
428, 262.3399280307878
429, 454.91956598177654
430, 254.1935730149197
431, 239.2221828356653
432, 277.1157539711012
433, 246.1167230552011
434, 247.33441758719374
435, 239.03704158976407
436, 231.03839165500435
437, 243.78953898105033
438, 230.61839231897986
439, 262.85746637541735
440, 245.65663677119434
441, 305.297624038346
442, 332.5414907410834
443, 264.67181331882045
444, 235.60563880585866
445, 216.39406860840117
446, 363.1117564692567
447, 262.23775556998606
448, 301.5998441578367
449, 247.40133228799482
450, 247.1288502964192
451, 257.57939916868617
452, 232.6838191947935
453, 234.42532150859853
454, 478.79977995205843
455, 233.0185151471725
456, 275.70463768448406
457, 234.1055039560298
458, 267.39469391134674
459, 226.91108137175863
460, 248.97117617574696
461, 302.41840672049943
462, 399.63258174925545
463, 270.0155328458307
464, 236.87404388341918
465, 238.56292162134778
466, 226.27659761901643
467, 249.06448905824473
468, 268.1653122458461
469, 233.24525232174693
470, 239.8971915624547
471, 234.84008869582786
472, 271.9882092704949
473, 243.51435096699794
474, 260.2965795254295
475, 224.82859470914966
476, 210.1450772595853
477, 253.9133729765744
478, 212.76169168225397
479, 197.37514386780265
480, 279.935951251278
481, 189.61681324728926
482, 252.95868811559083
483, 540.0388934583709
484, 250.519272987148
485, 251.63407872125168
486, 227.3788681942559
487, 227.795983944985
488, 313.16027557917073
489, 227.80480627251526
490, 217.26685923760252
491, 220.13658196276475
492, 204.35320677533008
493, 228.72860738604984
494, 188.88347090254558
495, 217.31059909966666
496, 197.98515064141378
497, 272.5535138675965
498, 184.44793515865788
499, 217.00232404882473

Results for Standard Genetic Algorithm:
Correctly classified 7700.0 instances.
Incorrectly classified 424.0 instances.
Percent correctly classified: 94.7808961102905%
Training time: 5898.656362667 seconds
Testing time: 0.053178182 seconds