Error results for Randomized Hill Climbing
---------------------------
0, 1127.9955475548345
1, 1123.5452531449275
2, 1127.0019464580155
3, 1122.938680672567
4, 1111.9420605208204
5, 1111.574254658028
6, 1110.288119749541
7, 1112.0643652671374
8, 1110.2652236495865
9, 1116.930901517119
10, 1111.8086267445665
11, 1114.7900053151143
12, 1110.2816994160391
13, 1111.2306088012806
14, 1182.9643659225635
15, 1110.311248299815
16, 1110.2652236495865
17, 1119.1005998119167
18, 1110.4084998689846
19, 1099.9922055772784
20, 1103.2916240380846
21, 1099.7384189157865
22, 1112.4536401598214
23, 1097.0046548262133
24, 1096.9927303973082
25, 1094.1861094654919
26, 1099.5052324334365
27, 1094.5032586047278
28, 1091.7923823966091
29, 1082.40973697312
30, 1079.3198093810752
31, 1078.6912596364573
32, 1079.1366491374656
33, 1075.0445122092153
34, 1068.8041968662922
35, 1070.6212853298537
36, 1068.7164258818586
37, 1069.7039286789525
38, 1116.1624170511175
39, 1067.385047136576
40, 1068.2814628600972
41, 1067.2434545783167
42, 1069.629952466085
43, 1068.2108429200941
44, 1065.6238269263495
45, 1069.612656180696
46, 1067.7799400037813
47, 1046.5458647261128
48, 1046.6130987305708
49, 1039.1739227003604
50, 1040.161643285699
51, 1039.2747256826533
52, 1039.1739227003604
53, 1033.41015826902
54, 1033.8899360933674
55, 1035.4493389369243
56, 1034.1157402385122
57, 1033.5171116826853
58, 1031.7654567028155
59, 1033.5220842958117
60, 1034.307766751955
61, 1031.529916407575
62, 1031.0752431878216
63, 1043.1165278478452
64, 1035.817175743535
65, 1035.2799849101616
66, 1030.972358000998
67, 1031.1508549759074
68, 1030.95659809942
69, 1030.7699792914664
70, 1030.7699792914664
71, 1026.3731791139498
72, 1026.3731791139498
73, 1026.7179861023408
74, 1018.0202482586888
75, 1026.9547984847643
76, 1028.6445227703462
77, 1017.7940137377831
78, 1009.5970065840359
79, 1009.614948900465
80, 1009.5970065840359
81, 1012.8907354765223
82, 984.629899955331
83, 984.6300331470161
84, 984.4962099862181
85, 984.5947382966102
86, 963.7817070245063
87, 1021.4603122015641
88, 963.6792472146808
89, 992.5859951665968
90, 963.5997992288064
91, 961.432905789274
92, 961.432905789274
93, 961.3419772258048
94, 961.3589910377112
95, 961.3381564044671
96, 959.5975206343396
97, 959.6290363195358
98, 959.2066930796301
99, 963.1819329539733
100, 954.1474107137533
101, 944.207506549141
102, 943.264595274223
103, 943.5460772159439
104, 943.264595274223
105, 943.2453093884599
106, 943.9213973546757
107, 943.0395327267571
108, 943.0395327267571
109, 944.8114107084575
110, 942.9197772000073
111, 962.261918081269
112, 942.9121942629398
113, 925.6096458560864
114, 925.8765532514367
115, 926.1701153212227
116, 923.9284752572635
117, 924.7421069018962
118, 923.4206695524547
119, 922.7148213834724
120, 922.754559000244
121, 935.7056847867525
122, 925.7151257564092
123, 922.7042546111305
124, 922.7042546111305
125, 923.2311762783
126, 922.7042546111305
127, 923.0413682885521
128, 923.0569903453589
129, 954.243183443227
130, 922.7042546111305
131, 922.6411490276924
132, 921.6524913139451
133, 922.1531922103861
134, 932.303444498241
135, 921.6524913139451
136, 921.6354801518922
137, 921.6354801518922
138, 921.8006613377842
139, 920.4879209539049
140, 925.9574157186296
141, 923.0611090678968
142, 922.067314296914
143, 920.4879209539049
144, 919.4218229331599
145, 920.1520096998414
146, 919.6506000197217
147, 912.5789393031235
148, 913.1558815762448
149, 916.9494536347777
150, 910.4835967158853
151, 917.8180362143463
152, 906.455678587444
153, 906.455678587444
154, 901.4823405222603
155, 898.2839272700111
156, 898.2883825710356
157, 900.4042982351704
158, 899.9688668948024
159, 894.2555186799929
160, 894.3384616952767
161, 897.1662284762607
162, 886.9742358437692
163, 895.1034506045563
164, 909.4082395100153
165, 883.7170619727767
166, 883.8587346099904
167, 883.4132592949942
168, 884.9207130208655
169, 883.4132592949942
170, 883.4132592949942
171, 884.5968389298041
172, 883.4132592949942
173, 874.8657824550096
174, 875.0219980322863
175, 875.4192027379681
176, 857.4519118924693
177, 864.7513674915928
178, 857.4492458370243
179, 857.4492458370243
180, 858.6757932935263
181, 857.4492458370243
182, 857.6280277119089
183, 857.3356624812453
184, 857.3867510296752
185, 857.3356624812453
186, 871.5692066762964
187, 858.1843651104494
188, 846.4200287827475
189, 847.4770955835118
190, 855.5324554287298
191, 868.1389171089739
192, 849.3128159146968
193, 862.8423472761939
194, 847.9477315285492
195, 849.2979354599959
196, 831.8821785887542
197, 831.9912510266572
198, 846.5780159370561
199, 833.0288461620986
200, 831.6889298861895
201, 832.4726493831475
202, 831.672909406133
203, 822.9445327026081
204, 823.0489674782315
205, 822.944540809668
206, 903.4341119275291
207, 823.8705214430838
208, 824.4257753559268
209, 824.4404405572502
210, 822.9445327026081
211, 829.6493391141207
212, 822.9445327026081
213, 822.9353368741669
214, 824.0966770146622
215, 822.7866322897244
216, 837.9296757578791
217, 825.4611361152146
218, 822.1112706923049
219, 822.9284479557621
220, 832.938422684987
221, 816.7554117083071
222, 827.3431521513977
223, 823.5309868030065
224, 817.0415135828574
225, 818.5536334266408
226, 816.7554123525323
227, 816.4891838085069
228, 812.2226053663152
229, 815.2447861593643
230, 807.755780882135
231, 772.2003004593074
232, 781.778497088661
233, 772.3398361267465
234, 773.2184738644514
235, 767.8156068019418
236, 766.9359823265521
237, 766.1880348439998
238, 780.2103072796037
239, 770.5294487632523
240, 769.7331235363415
241, 770.6865707699307
242, 766.1880381043155
243, 766.1265124196634
244, 756.7251117888039
245, 756.7177572348025
246, 768.0760311400182
247, 759.3171389951841
248, 756.1433748550495
249, 756.2910678678437
250, 747.6906643137063
251, 739.5389823059492
252, 739.6358026028387
253, 739.538908867854
254, 758.2123503883687
255, 742.5732391466014
256, 739.5881031940174
257, 775.3714536568363
258, 749.7303930664618
259, 739.5068178839864
260, 739.4993669215818
261, 739.3809547411851
262, 738.9616963023694
263, 738.9616963023694
264, 743.4475904577698
265, 743.8942388730121
266, 741.5649264494593
267, 746.5809444466728
268, 739.6537610974522
269, 789.3520745790516
270, 738.0588040755931
271, 738.0604291460268
272, 737.0743029427482
273, 737.723805082688
274, 737.2392540092375
275, 738.730277941961
276, 746.7231277628877
277, 736.2874518566935
278, 736.2874518566935
279, 755.438345957752
280, 736.2687773460369
281, 736.2687773460369
282, 736.012844636935
283, 731.5498992545713
284, 731.6114099266377
285, 738.6254509389212
286, 731.7112923920891
287, 731.145277758299
288, 727.478571130211
289, 727.3603206556575
290, 744.0089361732936
291, 731.7153789851252
292, 727.2520753678833
293, 731.9212824333003
294, 723.8595324961666
295, 720.4727523615453
296, 663.0358130873211
297, 663.0413324903499
298, 663.035617962757
299, 654.8681123132965
300, 653.0625845945774
301, 653.3061306899821
302, 652.5450366455129
303, 642.6499557789921
304, 643.6903550839742
305, 642.6499557789921
306, 642.4846470636045
307, 642.1688769380954
308, 649.4887881498121
309, 639.5522684627628
310, 639.5522684627628
311, 639.5440796283051
312, 639.5219441901098
313, 657.8654405210539
314, 645.965452900231
315, 639.7161502374202
316, 640.9311430391803
317, 644.1072852776017
318, 638.5091938399049
319, 640.3076509254196
320, 637.8415437382758
321, 637.7233168570449
322, 637.5869666554574
323, 695.3892639850504
324, 637.6060879097683
325, 652.88908813407
326, 636.1530297104147
327, 636.1897764771089
328, 632.9099339375034
329, 632.9099339375034
330, 635.2740015149919
331, 634.057451909746
332, 633.6614830412572
333, 700.9272819212183
334, 632.9099339375034
335, 638.6190118243942
336, 631.0925083554653
337, 634.5601215656368
338, 635.4740453238533
339, 633.967402957831
340, 633.0029185500149
341, 649.1086715587633
342, 630.9423140376775
343, 632.389773633494
344, 630.9479996301485
345, 630.9280212981255
346, 630.306170880765
347, 631.732992685324
348, 630.3042004462224
349, 630.3032172816056
350, 628.3476668422686
351, 630.6501554496072
352, 628.3475784153236
353, 627.5807305525492
354, 627.9702625912918
355, 627.1525712767115
356, 627.7588694182434
357, 627.3447899537547
358, 628.6642038190031
359, 632.611753089711
360, 628.8948683099662
361, 627.1113646375138
362, 627.6770072036556
363, 638.9134287575278
364, 637.7271332800267
365, 626.3575870381321
366, 632.3519217591107
367, 625.8575818816687
368, 625.8575818816687
369, 623.4541896138987
370, 612.9998068357775
371, 612.9778328213972
372, 660.5245234720843
373, 618.1072174042233
374, 612.7639256023193
375, 612.7639256023193
376, 612.7683090852228
377, 612.6987641371095
378, 614.9389797759842
379, 628.4475333556514
380, 611.5837422165397
381, 611.5837422165397
382, 617.8705573921815
383, 611.5665538534294
384, 611.5664998198733
385, 611.5664998198733
386, 695.7434725300537
387, 610.9983535646345
388, 610.9983535646345
389, 610.9983535646345
390, 601.5571645480571
391, 617.5532475875028
392, 601.5571645480571
393, 606.9745984828305
394, 610.647585515441
395, 601.7505576854368
396, 603.9452152934068
397, 613.4792246092263
398, 594.2502471327673
399, 608.8183313657898
400, 594.2502471327673
401, 594.0047353874564
402, 594.1038665747268
403, 592.779111129737
404, 594.0819832592687
405, 592.779111129737
406, 592.8555976889297
407, 593.7503736986457
408, 595.2327712493717
409, 593.2946119246974
410, 590.4578097981881
411, 590.2285533556567
412, 637.1135279037513
413, 583.0906518408433
414, 583.108989889212
415, 586.5896484371704
416, 583.0848699733976
417, 583.0848699733976
418, 582.8363645214704
419, 582.8363645214704
420, 583.2458944366418
421, 582.9782932739238
422, 582.8562693704841
423, 582.8369180711518
424, 587.9257469439809
425, 583.4160706216674
426, 586.0161126200371
427, 582.8116805520831
428, 583.1621814102041
429, 582.8116805520831
430, 571.1065421527416
431, 584.9345188359408
432, 571.0533711309024
433, 571.0533711309024
434, 572.9357245339073
435, 570.2469431327925
436, 568.8272136518318
437, 579.0453619026672
438, 568.8272136518318
439, 568.8373420631885
440, 567.4476663985953
441, 567.4476663985953
442, 618.2259759901693
443, 567.5064821803861
444, 568.446420174747
445, 567.817414408418
446, 568.0431626934151
447, 566.2337490070174
448, 564.370325797578
449, 564.7443128490814
450, 566.4745028525361
451, 564.3645792384856
452, 564.3645792384856
453, 564.3583465320312
454, 565.3891651274678
455, 562.58382443532
456, 563.4178152672299
457, 559.1637366293767
458, 559.1637366293767
459, 556.0219806630147
460, 556.382143659396
461, 555.8395985900587
462, 565.6704124120118
463, 556.163485726408
464, 556.4296774889945
465, 564.4127679607146
466, 557.8824036986456
467, 555.8550329545286
468, 555.7568044280711
469, 555.8028466055674
470, 552.489309634521
471, 552.5412883826941
472, 549.9741280789189
473, 550.7034943840575
474, 558.3028204899605
475, 551.2367593741294
476, 549.0677020646476
477, 548.92800722774
478, 549.6856452659188
479, 548.6710416908032
480, 550.9344710321942
481, 551.3330130925531
482, 548.6710416908032
483, 552.5226366123762
484, 548.4839529741927
485, 547.4440665493573
486, 548.0774747668073
487, 547.4321605877693
488, 547.4361171305811
489, 547.4321605877693
490, 546.3593434857305
491, 546.4578042461604
492, 548.2465397871454
493, 549.7969858258169
494, 545.6733085131503
495, 545.6733085131503
496, 545.6366172595381
497, 545.9418761984991
498, 544.1254693270183
499, 524.6420757595553
500, 524.6893145257941
501, 524.7716696512774
502, 523.7186452327808
503, 523.7249449808065
504, 523.4262306149085
505, 523.4256370979177
506, 523.4256370979177
507, 524.7534089431355
508, 532.7761489597195
509, 524.2025142683576
510, 524.4113561929942
511, 531.1093345366315
512, 523.5396338626113
513, 523.2826619278009
514, 523.2826619278009
515, 531.8196736219464
516, 523.7731545355512
517, 523.1767479250589
518, 522.8268285218098
519, 521.8993744687432
520, 521.8095146535935
521, 521.5841243868399
522, 521.7183045716572
523, 522.5091813089176
524, 546.5500288450762
525, 514.1796510108813
526, 517.8716785401534
527, 513.9680193309206
528, 518.1355860119588
529, 519.8639866603178
530, 521.559773334765
531, 517.7962912175661
532, 513.9680193309206
533, 513.9680193309206
534, 515.0852440640231
535, 513.1191133666096
536, 509.77096083875324
537, 509.28127350519435
538, 513.8356983713852
539, 508.3586324175028
540, 514.234902839
541, 508.3432770016941
542, 510.96015490422263
543, 508.3432770016941
544, 508.24802277546934
545, 509.3219684032901
546, 508.1451900673135
547, 508.1451900673135
548, 508.10677758614867
549, 519.7682279983866
550, 508.2103691153281
551, 512.0184942315987
552, 508.75153990559255
553, 506.01105052043204
554, 484.4425172249355
555, 493.05188878658305
556, 484.4425172249355
557, 483.7161574809241
558, 482.92012574076693
559, 484.2983556515666
560, 482.9207016222614
561, 482.27835943807423
562, 482.661422103429
563, 481.72500001528687
564, 480.5351463278339
565, 557.4365100307818
566, 480.7852709774545
567, 480.0526625294322
568, 479.1102465910085
569, 479.1102465910085
570, 476.61729952912043
571, 478.33264365369365
572, 474.49385668933894
573, 483.049504308437
574, 473.3749924609599
575, 479.226382311209
576, 471.3503872453035
577, 475.4126022035219
578, 471.3503872453035
579, 471.30610687143457
580, 474.81359657855603
581, 471.2634798582889
582, 471.0371600909872
583, 473.99620706396325
584, 472.91752782989846
585, 471.1286720152362
586, 499.87190050197813
587, 470.73636955712266
588, 470.73636955712266
589, 472.09109602233195
590, 469.75505419540127
591, 469.7545417025853
592, 470.4343004046028
593, 469.7409975000375
594, 469.7409975000375
595, 459.8033158442937
596, 455.7141960899177
597, 455.7136853309107
598, 455.7136853309107
599, 455.7136853309107
600, 466.61300224499826
601, 453.678427860317
602, 453.678427860317
603, 454.07839923524665
604, 454.42727185903647
605, 452.87102338511505
606, 452.54133410179645
607, 464.21167101901824
608, 466.1625949710687
609, 451.7044500771416
610, 452.4493129122508
611, 459.15484554544844
612, 450.7755318253691
613, 450.83807029165484
614, 451.7938558920506
615, 466.9555442403057
616, 450.6445215837119
617, 480.1164768460162
618, 450.6359189859332
619, 437.09801888586696
620, 444.5152777447224
621, 437.09801888586696
622, 438.8248674260484
623, 437.09801888586696
624, 437.96364491410714
625, 436.53830754049216
626, 436.4784356072028
627, 442.3748331015956
628, 436.441813939488
629, 437.07681324698075
630, 436.4422137119525
631, 438.8653314109386
632, 436.441813939488
633, 436.4873861152934
634, 446.48887964679534
635, 436.4418258313591
636, 438.6201207601955
637, 435.77511749864857
638, 435.6553542241911
639, 444.333437115215
640, 435.47516329260026
641, 435.46798146024616
642, 435.5459614587385
643, 437.63899302341105
644, 435.75706630738443
645, 435.4884188466426
646, 436.7711327570561
647, 435.6087474442256
648, 435.45688642778487
649, 435.45688642778487
650, 443.78252201940774
651, 439.27674190374
652, 433.43296258612685
653, 433.4909962178834
654, 433.43296258612685
655, 436.1474021620661
656, 433.5258264999201
657, 434.0208492302404
658, 433.5983049699518
659, 435.8692238775512
660, 433.5633907484443
661, 458.61226369209027
662, 433.76039754644194
663, 436.5494163488507
664, 433.43296258612685
665, 436.7374750067763
666, 438.2354090454147
667, 434.6010871396123
668, 429.9279526286318
669, 427.9397231336319
670, 427.9522965685926
671, 429.4907729976566
672, 428.699088473094
673, 440.1560698520499
674, 426.1935629034201
675, 425.13636219427696
676, 425.13636219427696
677, 425.1288439706204
678, 423.99516532100705
679, 424.0648605295942
680, 450.6853860175084
681, 432.451613989479
682, 525.4965516160706
683, 428.6998698407588
684, 442.5253395319406
685, 453.4526381605551
686, 423.99516532100705
687, 426.6096880031716
688, 461.33091088540164
689, 423.71432226520653
690, 423.8691601980251
691, 423.7521454936154
692, 434.6195274898598
693, 423.7143763359576
694, 423.6414481457578
695, 424.0417230146855
696, 421.04926325269844
697, 424.7105442482122
698, 418.44899849236737
699, 418.6269138077163
700, 426.8974419735128
701, 423.5713729601148
702, 428.3707032778535
703, 417.54069484542487
704, 420.16970685621345
705, 419.68764238860734
706, 417.5384627875214
707, 412.2504041322147
708, 444.94250210016156
709, 413.2124566348494
710, 423.8847464201734
711, 417.5880202001265
712, 412.44060280073654
713, 412.79374735665954
714, 412.15309376516984
715, 428.86532776513343
716, 412.3057300365259
717, 413.7836864846464
718, 412.0173144506628
719, 410.86474813256257
720, 411.7326921231679
721, 415.5699344006078
722, 410.5781398856055
723, 410.5778448975995
724, 409.75732522931065
725, 408.5710246640447
726, 410.34984536300556
727, 475.14072699470063
728, 408.5710246640447
729, 408.5713742638243
730, 408.10550678944463
731, 409.207732193574
732, 408.1011795115162
733, 407.55600567009395
734, 413.3513530198152
735, 407.9020492550636
736, 408.14188553710716
737, 408.16943951571176
738, 407.11429200356554
739, 407.325960017998
740, 407.24928030817404
741, 407.37824354164667
742, 406.5925532973922
743, 406.74730426574183
744, 406.59225981359367
745, 408.64579093538106
746, 401.06011052703315
747, 401.06011052703315
748, 401.06013193976133
749, 397.66978436556616
750, 398.2341353622492
751, 397.53439779373895
752, 399.4711847773537
753, 397.53439779373895
754, 397.85086480392164
755, 419.0124868831654
756, 396.4861668240583
757, 394.4657569346268
758, 393.3358841213553
759, 396.99201466814856
760, 393.33635042915313
761, 393.75657542811956
762, 393.94310740865984
763, 393.67631802661936
764, 400.51685291821735
765, 397.7124360934098
766, 393.4704408608892
767, 392.6031277227118
768, 392.603116300448
769, 395.4206375711845
770, 393.1140058221669
771, 417.13321582778957
772, 415.35178820611725
773, 392.6128314724437
774, 394.55266314507145
775, 392.603116300448
776, 392.603116300448
777, 392.1054401832197
778, 392.1054401832197
779, 392.0644780797065
780, 392.0644478501675
781, 392.0476346211155
782, 390.6730010355686
783, 391.89219935889304
784, 390.7039444759663
785, 392.3463517388058
786, 390.52173998793177
787, 392.36797736420255
788, 401.89019368067005
789, 389.8987825402688
790, 389.1259933895378
791, 388.54373658945445
792, 390.2433366185794
793, 388.54365366032926
794, 389.15300607153523
795, 387.9967793426378
796, 392.6006241063459
797, 387.2620763118267
798, 387.9510147855229
799, 387.2978694387387
800, 395.74025156239503
801, 425.1127417815789
802, 387.2620763118267
803, 389.67860870909254
804, 385.7448553200167
805, 385.26503132484316
806, 385.97229899736357
807, 390.6884603159506
808, 385.24240118403804
809, 385.25304149539693
810, 405.0426051988208
811, 385.3499683129308
812, 385.22227811089624
813, 387.888121666586
814, 384.6971612057446
815, 390.4078344790588
816, 383.3438326086166
817, 383.70660479122245
818, 382.0786263325896
819, 382.092716209692
820, 384.0898008375334
821, 382.0785972095101
822, 404.0707316808329
823, 384.30659280832674
824, 382.0784860258793
825, 386.6913783423836
826, 385.35914765973115
827, 391.57502211101587
828, 382.4819600743058
829, 379.5179986430229
830, 380.55070271957567
831, 379.51797198519046
832, 377.640097285231
833, 392.80557640964827
834, 378.7208230527796
835, 378.3370149505515
836, 382.063014695527
837, 377.65481292568387
838, 378.5062868658171
839, 377.54597488323293
840, 377.4838652085408
841, 377.4838616823078
842, 377.53677952295936
843, 377.4838616823078
844, 385.275306114943
845, 377.4838616823078
846, 377.29713222455126
847, 382.20839146648626
848, 375.8379641716945
849, 372.84486419843125
850, 373.364236319555
851, 371.49050982299826
852, 371.8114345007456
853, 371.49050982299826
854, 371.4058754199319
855, 371.4058754199319
856, 374.61175199394916
857, 377.99154291530834
858, 379.4869162057642
859, 371.45495636791696
860, 371.12652264979636
861, 371.12652264979636
862, 372.868874170638
863, 371.45470070422243
864, 371.1233423708836
865, 370.04530932061306
866, 370.03590690972936
867, 373.28025882197073
868, 370.3152152982498
869, 370.0820643522995
870, 369.8978246624432
871, 382.1095999075981
872, 370.23252079289796
873, 369.8978257128911
874, 372.9259682534546
875, 370.0358851914434
876, 371.5949834950922
877, 372.24921265648186
878, 414.29116772502664
879, 374.281302316938
880, 368.35261541862354
881, 374.2643797927749
882, 368.67684291723594
883, 368.803001879921
884, 368.35261541862354
885, 368.141564080944
886, 368.1354687539036
887, 368.73520339990176
888, 384.20955000322886
889, 368.17794011123374
890, 362.52571449818976
891, 414.41262705946616
892, 368.51305870477586
893, 359.7578787661789
894, 359.7578787661789
895, 361.13893812272147
896, 407.4414918650249
897, 359.70846994218834
898, 359.7069495591854
899, 360.9557821007241
900, 375.1043875112959
901, 361.3134512449864
902, 355.1215212325022
903, 354.90285451979554
904, 358.0480077002856
905, 354.961263667711
906, 356.2436889772086
907, 354.89518974265275
908, 355.37370782586027
909, 354.6107460316054
910, 365.15828463640486
911, 354.3970938753467
912, 353.87437273143115
913, 353.87052525608044
914, 354.13852554991337
915, 353.9093833110738
916, 354.012342948286
917, 353.8636749329787
918, 353.79878800038495
919, 353.80302863550605
920, 354.09884719733606
921, 353.2169947386202
922, 368.675810364316
923, 352.23617186053445
924, 352.23617186053445
925, 352.26820607052247
926, 352.2416656607287
927, 352.2426071907245
928, 352.3154976778673
929, 352.3008136033312
930, 352.26031844342816
931, 352.33546908492275
932, 364.117196484531
933, 352.3972211432424
934, 354.58234807720527
935, 355.26650193115495
936, 381.6440201645855
937, 355.2836330662758
938, 352.2364538374879
939, 353.8668450712663
940, 352.2388761749753
941, 351.812476021777
942, 351.812476021777
943, 350.0653935237945
944, 350.0928789854373
945, 351.65118924852226
946, 355.94089627321677
947, 349.9548615783948
948, 348.85827938232904
949, 348.1479989917946
950, 348.4309324389011
951, 348.03480818484053
952, 348.1822505381721
953, 346.64238902588403
954, 346.6458993936999
955, 346.2258562087862
956, 380.0260996976233
957, 350.11925453445525
958, 361.1428468090726
959, 346.29769382210316
960, 346.2258562087862
961, 346.83659672307164
962, 346.03342833791277
963, 379.8372789522625
964, 345.300197632625
965, 346.251239546163
966, 346.8422147598973
967, 345.66241559334117
968, 344.6960542930977
969, 346.01887244171763
970, 345.20179417703713
971, 358.7895313740288
972, 346.79433289855973
973, 347.39428313092
974, 345.5778971009205
975, 345.37673492512926
976, 344.872841739006
977, 344.7328011781544
978, 345.0107136469328
979, 347.3367272016245
980, 345.4433488198774
981, 345.8683019932246
982, 346.8511016339505
983, 344.6960542930977
984, 348.4945489172117
985, 344.5424634704364
986, 345.0470143790332
987, 344.5433646385708
988, 344.54160026445015
989, 344.119758402839
990, 343.8070690156866
991, 350.78414749233116
992, 354.13862661427936
993, 343.8070690156866
994, 344.8528703667939
995, 344.9873540543825
996, 343.98582613901806
997, 343.750076141161
998, 356.66985996904833
999, 343.7659867007445


Error results for Simulated Annealing
---------------------------
0, 965.4094746584003
1, 971.8122948228493
2, 964.1353953877491
3, 1016.6082806866656
4, 1017.3062066570157
5, 1014.6552834482857
6, 1015.6759324810197
7, 1015.6759324810197
8, 1015.9289716559117
9, 1016.2874850816041
10, 1016.8156674621989
11, 1026.7567577439997
12, 1026.751477377854
13, 1026.751477377854
14, 1027.5650379043752
15, 1027.509268697433
16, 1031.074387376465
17, 1001.3977010312168
18, 1001.5577979813395
19, 1004.4740227125324
20, 1004.3452410199269
21, 1004.0179434314216
22, 1004.7028761594247
23, 1007.438957597915
24, 1010.303297047169
25, 1009.7473240779686
26, 1009.6564629226795
27, 996.7924188875012
28, 997.3094548463297
29, 997.7898984274907
30, 998.2507624894803
31, 999.6469844810191
32, 1020.4957733036123
33, 1021.2498836996494
34, 1021.2498836996494
35, 1017.4442852671602
36, 1049.1340013493864
37, 1049.1340013493864
38, 1056.9295323254353
39, 1054.3470868277386
40, 1051.5011386023264
41, 1043.693906426077
42, 1043.694175793947
43, 1043.6565236121758
44, 1043.5381027008948
45, 1060.7213842131684
46, 1060.9793868275656
47, 1053.218447969597
48, 1012.5624478371287
49, 1023.1009402432194
50, 1017.2007071755436
51, 1036.472591024563
52, 1033.5978305757276
53, 1033.6228941952763
54, 1029.2747023517968
55, 1015.5241162779087
56, 1015.5241162779087
57, 1018.3599666312332
58, 1025.9504184270716
59, 1027.2082126440089
60, 1016.8456766762844
61, 1095.7569978078793
62, 1096.1167203987209
63, 1040.7414814148078
64, 1042.8045984375137
65, 1050.9318508798083
66, 1051.1263019320136
67, 1049.860810882245
68, 1050.0070003781366
69, 1053.955808212681
70, 1055.7290384499286
71, 1051.1053674077277
72, 1050.4730042681483
73, 1050.4730042681483
74, 1028.399208349462
75, 1031.8191500205548
76, 1030.443117107758
77, 1031.8494066115686
78, 1033.6391503526156
79, 1074.3506464248908
80, 1074.0598236010446
81, 1081.8441415691636
82, 1084.2024536431409
83, 1083.5755529773724
84, 1084.6810292588075
85, 1090.2874929910563
86, 1098.1212169598168
87, 1097.5885800441629
88, 1092.5176973373473
89, 1091.1677095655962
90, 1090.5026179637587
91, 1090.5025726227975
92, 1092.552692651754
93, 1092.0720257843502
94, 1092.0720293809159
95, 1093.2751628004846
96, 1076.5286609734944
97, 1072.237056717034
98, 1070.9433098527784
99, 1069.6034624287213
100, 1070.1064158697636
101, 1119.3793932303925
102, 1117.0118431493738
103, 1116.6562947769255
104, 1117.5423297158475
105, 1125.4526584895093
106, 1129.839602764504
107, 1124.4102663419956
108, 1124.651500567872
109, 1124.8715732858213
110, 1124.8703213643741
111, 1124.8575265632635
112, 1196.6387007775113
113, 1196.6376904498004
114, 1195.9474886436371
115, 1195.8443371946141
116, 1195.8443371946141
117, 1195.9911196069795
118, 1196.1915562772383
119, 1195.7024988390488
120, 1193.059626658782
121, 1194.1639415121444
122, 1193.3265195463725
123, 1187.5698850288288
124, 1187.1547054081923
125, 1187.1547054081923
126, 1190.7810651654986
127, 1190.1528680622525
128, 1184.5169931510306
129, 1185.1139170022755
130, 1185.654816388103
131, 1152.9947458857193
132, 1152.9947458857193
133, 1152.7060905924943
134, 1152.5662341042844
135, 1150.067767054143
136, 1150.067767054143
137, 1150.067767054143
138, 1150.067767054143
139, 1148.7225838530621
140, 1149.1857164357034
141, 1149.1857164357034
142, 1149.5131968938083
143, 1149.2293809605205
144, 1152.5463572573797
145, 1153.0777109378
146, 1153.4231068556505
147, 1157.3082160555125
148, 1157.0190616320003
149, 1156.884446364593
150, 1157.045644054654
151, 1165.825970480393
152, 1165.825970480393
153, 1165.8254035423915
154, 1166.7476433279476
155, 1172.3360531129329
156, 1172.753907563726
157, 1172.75749254261
158, 1170.3012356166723
159, 1170.3012356166723
160, 1170.072523693087
161, 1170.2853060026482
162, 1170.3260441541536
163, 1169.646191776216
164, 1164.3094728618719
165, 1164.742217508647
166, 1168.3238977080066
167, 1168.2071122197547
168, 1168.172409776031
169, 1168.3521472819282
170, 1168.3567657630313
171, 1169.4611645151836
172, 1170.2252905109078
173, 1171.100040575564
174, 1173.7879118503624
175, 1175.5521304277183
176, 1174.9440190503112
177, 1174.9440190503112
178, 1174.15147524393
179, 1171.853622977495
180, 1172.386422042493
181, 1172.5661256196215
182, 1165.7337210317037
183, 1165.829753866009
184, 1165.9382355349985
185, 1164.887957869764
186, 1165.5979336045966
187, 1165.7489661664383
188, 1165.4327972293188
189, 1163.0637117184958
190, 1163.1016288285794
191, 1151.5598522837797
192, 1155.5080814740088
193, 1160.6999409847037
194, 1156.7998866303374
195, 1155.207399140818
196, 1154.1466829440915
197, 1154.1466829440915
198, 1154.6086523188505
199, 1156.034866302712
200, 1160.2687207269432
201, 1157.7267012462062
202, 1156.627566425123
203, 1152.6475792426943
204, 1152.6264591556258
205, 1150.9793066948184
206, 1150.9825426955006
207, 1152.0197172774222
208, 1152.019491278187
209, 1151.9711091376103
210, 1152.7500205692115
211, 1155.7181602477997
212, 1155.185875680968
213, 1156.0207393419157
214, 1154.513277309994
215, 1149.1743475637888
216, 1141.0317679846455
217, 1141.189383173648
218, 1141.6620808747573
219, 1142.4828735184813
220, 1140.634036348303
221, 1118.6141418333448
222, 1117.8594721618906
223, 1113.9784010810192
224, 1113.887455972003
225, 1114.9365482802964
226, 1110.5105333341353
227, 1110.5105333341353
228, 1112.6521458885459
229, 1112.4720893513863
230, 1113.2072818652116
231, 1113.5108448067967
232, 1113.4302073084493
233, 1113.5852133406988
234, 1114.2072179772856
235, 1117.616695549984
236, 1115.3948528935232
237, 1115.3262961445976
238, 1116.132237829683
239, 1118.7596936884072
240, 1118.787693096454
241, 1119.3604815552533
242, 1120.7863689477308
243, 1121.7923517396155
244, 1121.7923517396155
245, 1121.7923517396155
246, 1122.8866419021726
247, 1122.3301470090203
248, 1122.3429251924933
249, 1125.2250618603143
250, 1125.1517157462151
251, 1125.1430259559108
252, 1124.8478377662173
253, 1124.5809211790995
254, 1119.3068143888784
255, 1117.413450866068
256, 1117.3354560698685
257, 1124.2656172560864
258, 1124.2409524811378
259, 1137.3782932758943
260, 1138.753469177144
261, 1139.0272164116889
262, 1140.993161968286
263, 1140.8832939824042
264, 1112.9412444036793
265, 1114.059838847935
266, 1114.6738984461203
267, 1114.1443223769745
268, 1114.2875361544322
269, 1172.8537564830024
270, 1172.853298875046
271, 1172.853298875046
272, 1172.9762221026424
273, 1223.495800351369
274, 1223.495800351369
275, 1223.4416846326365
276, 1223.3081080952668
277, 1220.8834031975246
278, 1222.7290496126475
279, 1231.102628929764
280, 1234.6362157606313
281, 1234.1921097694467
282, 1234.356284369202
283, 1234.356444343268
284, 1234.2920090489145
285, 1234.7992601616374
286, 1234.7992601616374
287, 1234.7983293614245
288, 1235.1671373719994
289, 1236.3348555556183
290, 1236.3348555556183
291, 1236.3621356211959
292, 1236.0672940099319
293, 1235.203215185978
294, 1235.1714709911778
295, 1160.5067294708292
296, 1160.5641161093672
297, 1161.1777150877695
298, 1161.1886410145594
299, 1161.7654894525094
300, 1153.33384489673
301, 1146.0631214789098
302, 1143.3309723290633
303, 1143.3522596081891
304, 1143.2744745643645
305, 1140.8250343195843
306, 1142.7454331892536
307, 1135.8922634788069
308, 1132.721569968502
309, 1132.4672399471515
310, 1132.4526052016577
311, 1132.4458576352272
312, 1087.5147900265845
313, 1087.3184448996496
314, 1087.5599495751408
315, 1086.385994061221
316, 1084.0746106438703
317, 1085.6738095464323
318, 1085.3049729531986
319, 1086.9126828139536
320, 1086.9126828139536
321, 1086.9126828139536
322, 1183.3912729687702
323, 1180.9432178334955
324, 1180.9025894234637
325, 1184.0970556299385
326, 1183.3320779189316
327, 1183.6981813306807
328, 1183.5707712678968
329, 1183.717769409661
330, 1183.1846849021115
331, 1183.269307226164
332, 1183.6978270504767
333, 1221.7045851530834
334, 1359.9053152029826
335, 1359.9326586218322
336, 1271.7359537854568
337, 1271.6576399397795
338, 1265.1064185243156
339, 1264.9605056175392
340, 1252.5262355918123
341, 1252.5134824839047
342, 1252.6406806053656
343, 1274.0721950681
344, 1262.839410016398
345, 1213.3289247657763
346, 1213.328880070121
347, 1222.3793496641633
348, 1239.8991283727394
349, 1239.9848172869008
350, 1240.143260106979
351, 1256.9248489343938
352, 1256.886821596218
353, 1256.886821596218
354, 1256.8647651961946
355, 1239.4497352191356
356, 1243.9843927583636
357, 1329.3832055864955
358, 1329.3828234447344
359, 1322.2658269466651
360, 1322.2658269466651
361, 1321.4586854733623
362, 1321.2082257160366
363, 1321.2082257160366
364, 1322.1407914795448
365, 1180.3072741790063
366, 1180.5717085474641
367, 1178.080620014179
368, 1180.940514074727
369, 1180.8466206063456
370, 1178.7393411108558
371, 1178.845192184055
372, 1178.845192184055
373, 1178.628195506446
374, 1179.1815840004824
375, 1178.9052422650116
376, 1179.311829622399
377, 1179.311829622399
378, 1178.1012568140354
379, 1190.1399353036522
380, 1190.0850792545532
381, 1271.4660116294797
382, 1271.4670896028438
383, 1271.4660454592588
384, 1271.4824167157544
385, 1233.71073977634
386, 1233.4351141220207
387, 1210.654289415272
388, 1211.4816023603717
389, 1215.8839923941784
390, 1215.8257899237108
391, 1215.561547475965
392, 1194.3693556166459
393, 1194.3693556166459
394, 1194.3677960365173
395, 1194.2415244271067
396, 1215.0929349414905
397, 1215.0969701280487
398, 1176.953930968052
399, 1178.5697282614742
400, 1178.5697282614742
401, 1174.147767047812
402, 1175.918246058272
403, 1208.0818786709353
404, 1226.5838435710996
405, 1226.105026936648
406, 1222.8035232459108
407, 1222.8012808584638
408, 1229.970126168678
409, 1233.2958827710454
410, 1232.8220679882475
411, 1237.0683386537814
412, 1240.800809291404
413, 1216.8169934444757
414, 1216.7682965696038
415, 1217.5893547247997
416, 1217.5917705680793
417, 1217.3521104194185
418, 1222.1500115515653
419, 1222.6653195678991
420, 1223.4513517180733
421, 1222.9212358749721
422, 1222.92508802379
423, 1223.2362378638031
424, 1223.2151932659726
425, 1223.2172193306517
426, 1224.0172697380667
427, 1225.3818890266195
428, 1225.3818890266195
429, 1231.694902439832
430, 1228.0888052108264
431, 1228.2057953456585
432, 1228.2207728694664
433, 1235.1380101782606
434, 1264.574697247881
435, 1261.8616002908345
436, 1265.4337222963659
437, 1255.8137911643744
438, 1255.4579562864255
439, 1254.9834699681899
440, 1255.0058484204033
441, 1255.015695771163
442, 1251.0014732621644
443, 1250.8137809645525
444, 1252.721362414219
445, 1252.5907838269416
446, 1252.593268563947
447, 1253.8806739183617
448, 1269.0416395078082
449, 1268.8636425566192
450, 1268.6489061939274
451, 1339.5506245802685
452, 1334.5773425112723
453, 1334.8772359826303
454, 1334.8772359826303
455, 1334.8772359826303
456, 1335.2576078625693
457, 1334.4997666373592
458, 1334.2409407359507
459, 1356.0768408638264
460, 1356.0768408638264
461, 1356.8151904939225
462, 1356.8667030651727
463, 1356.8336710843398
464, 1371.9559865926258
465, 1370.9909027417752
466, 1355.8215734222117
467, 1350.5341814486562
468, 1341.9374045948207
469, 1342.1683091733519
470, 1331.9786928255369
471, 1332.0748864674445
472, 1332.4908483649479
473, 1332.5475612974005
474, 1332.719854565029
475, 1328.7651977198032
476, 1328.8103930056782
477, 1328.2960611195974
478, 1328.2715791746862
479, 1328.3057002203548
480, 1399.775647403187
481, 1399.0026007639947
482, 1399.018732430171
483, 1439.8480514358741
484, 1439.8334708088616
485, 1442.445894022779
486, 1442.465336399214
487, 1443.5293986923466
488, 1444.1811185731658
489, 1446.575621671586
490, 1446.575621671586
491, 1408.1796950619987
492, 1408.1796950619987
493, 1560.6311708899452
494, 1566.303086473317
495, 1566.303086473317
496, 1566.303086473317
497, 1566.303086473317
498, 1566.303086473317
499, 1566.0324911864225
500, 1570.5687740763076
501, 1563.4358155287484
502, 1563.4358155287484
503, 1566.8123177028945
504, 1566.833468213905
505, 1566.833468213905
506, 1566.9284324404955
507, 1566.9293092379546
508, 1566.4194216522978
509, 1566.0410294093354
510, 1565.7644007875224
511, 1565.7597060134394
512, 1565.7597060134394
513, 1563.1353995518114
514, 1567.0615429391044
515, 1565.5112055682764
516, 1566.3740585890203
517, 1566.142744358215
518, 1564.6284684350533
519, 1563.4940911164354
520, 1560.8616673750648
521, 1557.201415909927
522, 1538.3277793460006
523, 1495.0621779978212
524, 1493.2016676638207
525, 1494.266904371913
526, 1523.3678713004272
527, 1522.8185059096468
528, 1521.7138629946444
529, 1508.0184211380874
530, 1508.003964220253
531, 1508.003964220253
532, 1507.5944805740526
533, 1507.0389258886648
534, 1485.459390584356
535, 1485.4593637682212
536, 1485.7075041338273
537, 1445.883655733211
538, 1445.4867896253922
539, 1444.9556112402581
540, 1444.9754029284395
541, 1445.4657267286386
542, 1443.7396924717773
543, 1429.6768229768768
544, 1429.7208765689559
545, 1429.8680179700502
546, 1427.1878060490574
547, 1431.431129038868
548, 1431.9101552136017
549, 1428.3995910198037
550, 1427.8917498037042
551, 1427.8917498037042
552, 1427.8917498037042
553, 1300.3563694509967
554, 1300.2359876800263
555, 1298.6704936224392
556, 1299.1922560681155
557, 1300.394903781178
558, 1300.208883970892
559, 1361.6614299614912
560, 1361.3778152262905
561, 1361.7808591437677
562, 1361.7833040789394
563, 1361.7833040789394
564, 1361.7828149914662
565, 1362.1747711827763
566, 1297.0548039774565
567, 1247.7584055894836
568, 1245.4618936434586
569, 1245.89915766921
570, 1227.0107067571553
571, 1227.0177058713548
572, 1227.1601552776867
573, 1227.0170227955475
574, 1227.8967928767843
575, 1227.6364780236538
576, 1220.3127594918865
577, 1220.245385505273
578, 1212.742786867209
579, 1212.4521767270653
580, 1208.324700243581
581, 1203.397352706013
582, 1208.5096269932137
583, 1202.839069978013
584, 1203.1735343442858
585, 1203.111911697361
586, 1202.6490035134593
587, 1201.1025633302647
588, 1199.1483677413296
589, 1221.2398100473224
590, 1221.4453712608636
591, 1221.4499159248776
592, 1221.4499159248776
593, 1221.4499464995472
594, 1221.402954347247
595, 1221.402954347247
596, 1221.4320485096996
597, 1221.163160176264
598, 1220.1703146666955
599, 1217.5482225006
600, 1217.2850476968856
601, 1217.3906555221997
602, 1192.6380993505982
603, 1192.8553442009659
604, 1192.8553442009659
605, 1191.7449659081649
606, 1191.4199335197188
607, 1201.619044717147
608, 1201.619044717147
609, 1200.7448992216139
610, 1199.3990361704286
611, 1173.2748182577825
612, 1173.2574301551379
613, 1244.090533344785
614, 1245.2182976629672
615, 1252.3641510207249
616, 1225.5688197152929
617, 1225.5557313234228
618, 1231.8477544624907
619, 1233.762882510852
620, 1261.966566517028
621, 1261.966566517028
622, 1261.9625430558722
623, 1261.9625430558722
624, 1261.9631668884347
625, 1284.5968035501767
626, 1284.7215609251332
627, 1285.0594724179618
628, 1285.0603706890704
629, 1177.23532678871
630, 1176.6232326505847
631, 1179.9730396908612
632, 1179.9850159419332
633, 1181.4508408629385
634, 1181.3396660279113
635, 1181.7209090759463
636, 1181.7337758232827
637, 1181.8111183002957
638, 1181.8437016185837
639, 1182.6918311470454
640, 1182.847425815689
641, 1183.036195016678
642, 1182.5824037053876
643, 1182.5555052302198
644, 1180.0872647249298
645, 1179.619034311449
646, 1179.619034311449
647, 1179.6122194693285
648, 1179.8011219398893
649, 1180.6782539559306
650, 1180.6782539559306
651, 1180.689604070557
652, 1183.9898955953438
653, 1184.1542786141822
654, 1184.1024250721034
655, 1184.2094766639116
656, 1184.2094766639116
657, 1184.017477994633
658, 1209.7228560206693
659, 1119.9637462697183
660, 1123.7623289376209
661, 1123.5528201157267
662, 1124.125792568529
663, 1124.1257916998575
664, 1119.5374824488767
665, 1119.231115009939
666, 1119.2314394175025
667, 1119.2314394175025
668, 1118.3790845486483
669, 1118.7016876453035
670, 1095.715404526759
671, 1017.3418562665969
672, 1016.2949733953512
673, 1018.0860930911354
674, 1016.0962129349609
675, 1014.0349446696292
676, 1014.1690603342253
677, 1015.6985907090232
678, 1013.9373046728883
679, 1014.4388789950365
680, 1014.1218798093437
681, 1014.0248732721276
682, 1014.10683649113
683, 1014.0682668169438
684, 1019.4917717296216
685, 1019.4902337376683
686, 1019.6453091717594
687, 1063.7949634587183
688, 1019.5083350013705
689, 1020.0167402013782
690, 1020.7361787129856
691, 1021.8240857189752
692, 1020.9755686736822
693, 1021.4619298162347
694, 925.3025461319801
695, 928.6693439368199
696, 909.5772958639932
697, 908.796780554736
698, 908.6648329718623
699, 909.1377864091872
700, 911.1574916021143
701, 878.1268384286069
702, 877.3526506752488
703, 878.5551869256014
704, 877.9778338734623
705, 879.1225642179852
706, 877.9778338734623
707, 880.5719640904276
708, 880.5752515895863
709, 880.4511899137186
710, 910.2386361900423
711, 880.4511899137186
712, 880.1537627797693
713, 881.332095572138
714, 908.2583728446796
715, 881.3320986095688
716, 880.1151787082164
717, 880.0789679090177
718, 880.9089166701809
719, 880.0789679090177
720, 880.1492379350021
721, 879.8666572316962
722, 866.6649610542121
723, 901.4504408073769
724, 866.5154416645235
725, 869.2463586648613
726, 866.5103368925965
727, 867.3049872135532
728, 867.3012266265739
729, 870.3964691511153
730, 867.3012266265739
731, 904.7822408056463
732, 866.4723065248095
733, 866.4723065248095
734, 866.3110117169108
735, 866.0235187783775
736, 865.9672542433143
737, 866.0978761434785
738, 864.3594127818952
739, 862.6649677827864
740, 862.6365912851154
741, 861.708080269644
742, 861.1706565571055
743, 861.0680408384957
744, 861.2710420753908
745, 868.1846752404361
746, 861.2606470346284
747, 877.823340871935
748, 861.3051664227652
749, 861.4138460175312
750, 861.9522448412623
751, 895.3377009483605
752, 862.2430022032847
753, 864.2816298761304
754, 855.9409426863507
755, 855.9379318946662
756, 856.0767069453768
757, 856.011864998165
758, 856.0689720041812
759, 855.0707358426155
760, 855.0707358426155
761, 855.2628174159025
762, 850.7482831974736
763, 850.7482831974736
764, 842.5024504793475
765, 842.524902247806
766, 838.9561144357239
767, 869.8897114974815
768, 838.8963491134286
769, 840.437848910791
770, 840.0256589779583
771, 830.8689776118432
772, 830.8448122005119
773, 829.5824315850814
774, 829.9425865409405
775, 829.7585354670881
776, 818.0321496839985
777, 818.0296306391245
778, 803.5192962239369
779, 790.6878755812695
780, 790.3392651850337
781, 789.8322620600466
782, 789.0937635664294
783, 789.179814105578
784, 788.0456623233008
785, 785.1165570997953
786, 753.0890835341021
787, 753.0890885874421
788, 753.0890885874421
789, 753.8571388894333
790, 757.4739513996398
791, 753.3497492415772
792, 756.9860806905339
793, 753.2402596168358
794, 753.4628262652737
795, 753.2977649832875
796, 751.70072981551
797, 749.1294748727544
798, 755.3110008525381
799, 748.041049738388
800, 746.8109608563476
801, 754.7672171770388
802, 747.1423671400775
803, 746.7867122055776
804, 746.7867122055776
805, 746.7867122055776
806, 746.7867122055776
807, 746.721653635208
808, 746.9217049323036
809, 745.9773896046908
810, 750.1252747455306
811, 745.9852456088518
812, 744.4445089139411
813, 744.4445089139411
814, 746.8440836758282
815, 744.4445089139411
816, 744.4445089139411
817, 744.3053619062908
818, 743.0934824026659
819, 742.6806202287142
820, 742.6806202287142
821, 742.5192223360884
822, 741.2214214402793
823, 760.5739622902065
824, 741.2214214402793
825, 740.8221814743107
826, 741.1291946428322
827, 740.8221814743107
828, 842.795213549511
829, 745.9463976336064
830, 735.1832772485354
831, 735.1832772485354
832, 733.9305103876178
833, 735.9705278400579
834, 733.8924170543198
835, 743.0430547619655
836, 736.3235025050535
837, 735.2569815547326
838, 739.6427501215466
839, 738.469532759734
840, 739.7950494058962
841, 734.1480302361596
842, 731.0543488451477
843, 731.0571049630665
844, 730.1068446509639
845, 725.30352832386
846, 725.3002485197521
847, 739.2777000970566
848, 718.5011800889217
849, 718.5015994341775
850, 718.1332060616418
851, 731.732711929717
852, 719.4075285451703
853, 718.0897832301022
854, 713.8904303019968
855, 714.1460841200263
856, 717.1450046729185
857, 725.0041086960848
858, 710.2296071393273
859, 710.4127719468138
860, 710.2680635370823
861, 715.1166555008741
862, 710.2491182333263
863, 707.0161736167535
864, 704.847317210533
865, 705.6718687366248
866, 703.5758834625528
867, 703.7196157827448
868, 706.9085775272196
869, 699.0629385589231
870, 698.984624520652
871, 698.984624520652
872, 699.4969001421546
873, 695.5737544061441
874, 695.3850961792504
875, 695.4803239869411
876, 705.6384101386981
877, 698.1615045476211
878, 697.6842860158258
879, 689.800227377405
880, 689.8002091840975
881, 682.1506063918866
882, 683.361041284119
883, 682.2035738226573
884, 686.315584667716
885, 682.1506063918866
886, 682.1506063918866
887, 680.8926580900632
888, 679.6638549315018
889, 671.5442686550605
890, 674.2957348620453
891, 671.7226018967636
892, 663.08477103288
893, 669.6256258196636
894, 693.8647026572937
895, 663.3483517099697
896, 665.4985931101625
897, 662.9656058507642
898, 657.3330322078745
899, 657.3345712186771
900, 657.3337056185206
901, 657.3330322078745
902, 657.2628276070632
903, 656.9973642716502
904, 656.9705571637736
905, 656.3591721518244
906, 674.7729240810489
907, 655.8327342324505
908, 655.3279366262536
909, 652.5729182755748
910, 654.0056462426819
911, 652.5926716253374
912, 650.9807374891134
913, 651.5134550446855
914, 651.8957631984163
915, 649.1620809563992
916, 654.0503927967013
917, 649.1621093462945
918, 649.1621093462945
919, 660.376362275804
920, 648.857834430794
921, 649.1897616707722
922, 647.5737169685749
923, 647.5737169685749
924, 646.9003459555577
925, 648.1789438866105
926, 646.6782354492798
927, 646.6479330363009
928, 661.1797632214219
929, 646.3195524307736
930, 655.8059159996742
931, 646.5191033346856
932, 644.9291741900515
933, 644.8323970926854
934, 644.8636626774626
935, 647.6929532356805
936, 643.923355597688
937, 643.9449027598116
938, 642.9654948978109
939, 642.9243007229962
940, 642.908934471352
941, 644.975182320259
942, 642.908934471352
943, 643.0078458350997
944, 642.7636549466006
945, 642.5504007045972
946, 639.1682081848676
947, 637.9040492821216
948, 637.9306424735071
949, 637.5486311921537
950, 637.5486449112784
951, 637.5486311921537
952, 638.1576439637605
953, 638.3675040682476
954, 641.1275291516996
955, 647.3967253117762
956, 637.3884622273272
957, 638.3400578198585
958, 664.1878720378235
959, 639.6386433830664
960, 632.7072166451018
961, 634.9285937987788
962, 632.6984051462492
963, 633.0894133374991
964, 631.4280243199582
965, 631.5257737026935
966, 649.2650616281518
967, 631.4280243199582
968, 631.4280243199582
969, 631.567597535306
970, 621.3596482314896
971, 621.3490744063884
972, 619.2466090111211
973, 621.0827162256317
974, 617.4345701056941
975, 634.0128248796703
976, 617.5035548540911
977, 617.4543968037872
978, 618.6342507283645
979, 617.7219526372836
980, 614.471906899712
981, 614.5267200915364
982, 614.3773370763836
983, 613.7253146352913
984, 612.8727558492778
985, 620.8456919736195
986, 612.0523712840362
987, 611.9792040090338
988, 611.9592404487018
989, 614.338314190371
990, 611.506535383815
991, 600.4058027911458
992, 599.2738522264184
993, 597.8098546583126
994, 599.1191020773149
995, 597.7914891520983
996, 597.7901326674612
997, 597.7911235703042
998, 597.8276767579152
999, 599.6878408836753



Error results for Standard Genetic Algorithm
---------------------------
0, 947.573658752139
1, 1163.0297889367062
2, 1126.760161130633
3, 879.1121177997077
4, 1156.5310719317497
5, 937.889810765551
6, 1187.043394307309
7, 1059.761399242859
8, 900.4865376288379
9, 1341.5414586950571
10, 1280.9408693742027
11, 1000.8334349252357
12, 1082.2611643216644
13, 964.8899376657698
14, 1123.2985482792335
15, 989.3764062134743
16, 1374.6942068715
17, 1182.4344655149084
18, 858.6629428747541
19, 950.1765815224904
20, 1384.4569896533014
21, 915.1683495421893
22, 955.5843242972644
23, 1238.3936324236624
24, 1160.2809941584426
25, 1308.8746287471026
26, 1203.899213152135
27, 1134.3446542327672
28, 1030.4590896765815
29, 844.4676631667763
30, 875.7211519821943
31, 832.9173340333825
32, 1189.2161912104464
33, 1192.6055946827503
34, 985.4930507252792
35, 888.9723757512193
36, 934.0787309496891
37, 1425.7633347862618
38, 961.2438792481375
39, 931.8528464501219
40, 1136.7281064989245
41, 1193.1106410817913
42, 976.3799077581998
43, 1397.6893745968202
44, 1115.0340519048011
45, 1187.809427748711
46, 987.9084957149612
47, 898.0636186996345
48, 986.7877550446593
49, 1206.7630366751262
50, 1331.4358513343875
51, 1135.133514465715
52, 803.0219935026711
53, 1134.5499663096443
54, 1008.5840300735972
55, 901.936774570565
56, 789.205563012785
57, 1083.9168167696416
58, 1208.159561916993
59, 1235.5617767236658
60, 1016.7155872893773
61, 899.8827271392768
62, 984.569104066384
63, 1078.4094436593643
64, 914.664223278442
65, 924.007457738613
66, 699.1079487067947
67, 1292.0032746523177
68, 862.3477554524292
69, 1110.0661182374672
70, 991.0445830517396
71, 1257.970189681893
72, 803.4798353831889
73, 1061.482950539683
74, 869.5161771942979
75, 1154.529563093659
76, 1186.6553380109951
77, 1298.5258517477223
78, 1296.0829048127346
79, 886.7398321201878
80, 934.3602583734638
81, 1196.666441820322
82, 926.7403805301682
83, 884.6189627981108
84, 1162.6402045890725
85, 944.5314166219651
86, 756.2967539079928
87, 970.7379496206
88, 717.8665033209811
89, 581.578769403995
90, 989.1216909528594
91, 1116.6846162295762
92, 950.1258582029047
93, 918.14858433914
94, 1077.8602018466445
95, 704.0414476086598
96, 1356.4727742091713
97, 1182.4627342407477
98, 1013.0173830475052
99, 847.2671118197212
100, 680.0753790964965
101, 1108.9779429439361
102, 1058.6442130825656
103, 928.7598256791973
104, 931.8779454440397
105, 678.4702812726159
106, 1011.4787583009677
107, 686.0928755713633
108, 711.6801529347168
109, 729.1885979662452
110, 773.567696990326
111, 931.9471047777845
112, 745.726053015861
113, 1085.5674405797904
114, 719.912087813803
115, 697.6411286804905
116, 736.8501286823255
117, 724.4339240724777
118, 933.1393686038037
119, 856.4248480184239
120, 750.3197512910125
121, 710.9095868697807
122, 683.0010403773896
123, 891.6318166902392
124, 773.3931948289122
125, 1013.0982690649017
126, 569.7742009243357
127, 649.6254904545174
128, 871.8889885862062
129, 743.3414639054223
130, 650.8027232792821
131, 806.7413655224046
132, 700.731598807291
133, 709.5531214462349
134, 585.9283871215148
135, 900.913747494787
136, 796.8746835833438
137, 764.7022428523147
138, 565.3767498072207
139, 1018.2019850567189
140, 936.0876373912408
141, 1583.5221088372982
142, 655.795534141053
143, 660.8944457803653
144, 748.416873826789
145, 870.121918753676
146, 781.2599568845129
147, 626.0857882218291
148, 802.3741449892474
149, 754.621051436782
150, 883.847156984199
151, 613.7386639566295
152, 538.8532674332905
153, 780.201734238454
154, 661.1540900669581
155, 512.4643486441564
156, 649.0672113227193
157, 710.0137174807237
158, 619.4674209432713
159, 550.3673497970857
160, 592.5424512757913
161, 788.3225660045536
162, 678.3247388907482
163, 567.0204531786421
164, 874.7331447305862
165, 503.68549648080534
166, 588.7349849039744
167, 527.9715656301021
168, 1138.3307803347202
169, 661.3771667404055
170, 786.745535745962
171, 790.2084596530074
172, 747.6663337091625
173, 596.8522642663963
174, 533.7576950875495
175, 578.7222107351893
176, 621.5889659226169
177, 462.39582975289653
178, 584.9298893973919
179, 725.8245851799375
180, 590.8495810298128
181, 571.8602908831894
182, 488.5186599769701
183, 659.1117263851514
184, 660.3513499382245
185, 513.7765921059971
186, 539.1661788429722
187, 754.7011207817014
188, 625.5926655205197
189, 550.0406500253384
190, 510.1369234926048
191, 497.11304633455075
192, 520.1911408293375
193, 494.5465534357219
194, 700.4776718997965
195, 651.5646007025027
196, 590.8740236049459
197, 538.7052160329112
198, 559.8883322728052
199, 532.5703531136983
200, 534.0982621003141
201, 575.8185022239069
202, 586.5301994801018
203, 505.3089542986117
204, 686.2493632777063
205, 524.464185746479
206, 737.7091722492016
207, 516.5958822815807
208, 507.47885063731223
209, 503.18192623889354
210, 492.27522549287437
211, 467.2110515597243
212, 614.0448223014183
213, 618.6312288307172
214, 510.6782736489823
215, 539.0129178325888
216, 485.1422102006815
217, 432.0004499953762
218, 504.7965861314883
219, 475.92711615767513
220, 425.0549651966273
221, 555.6822614035457
222, 811.604901915344
223, 679.0810670831908
224, 487.99420820468174
225, 469.99976017820194
226, 467.54637249752244
227, 419.3004052446092
228, 517.7334349546535
229, 507.435494143197
230, 436.40004036615755
231, 569.2104936941714
232, 545.0042153449476
233, 516.6005595558147
234, 508.9292825937014
235, 510.68725957466313
236, 503.10394873842114
237, 513.745374749266
238, 569.5895969567334
239, 433.68913515228076
240, 532.6120557820868
241, 596.3506826349137
242, 538.5459752263298
243, 629.2587643598977
244, 555.9554438211471
245, 467.612798645312
246, 527.2139486586676
247, 405.64129415877284
248, 474.51478290455105
249, 730.5504079529475
250, 517.670243310847
251, 421.983529917953
252, 433.40869930429807
253, 440.01146670432877
254, 475.6234907533144
255, 483.57073165688394
256, 462.877816130646
257, 447.8558328750076
258, 409.17116509861745
259, 416.0402335705464
260, 453.954218458328
261, 505.34092374882505
262, 1212.8020180233657
263, 449.6694185083984
264, 481.82042790966983
265, 421.4564670716021
266, 388.99925891564806
267, 822.4117474948107
268, 448.7564141268781
269, 353.4285214713914
270, 426.1164492826346
271, 450.1513809467363
272, 492.93085069371216
273, 449.4304947344022
274, 406.20231309588274
275, 416.1072371441
276, 474.8273802090034
277, 393.24128252431444
278, 474.37335746816103
279, 459.90809020669957
280, 548.8351076073967
281, 519.1556053236503
282, 516.3453602862148
283, 421.9990833269495
284, 427.09595984858345
285, 526.4430720968198
286, 378.06348445059797
287, 516.4535401336425
288, 465.28643072641114
289, 522.496692065236
290, 494.78256974183756
291, 456.63719487063537
292, 405.09022743317166
293, 418.7026823606032
294, 553.3642575558202
295, 415.05633964176184
296, 415.242881496255
297, 540.1961366159941
298, 418.93570095690484
299, 390.46639933696997
300, 398.02543799577126
301, 560.3608816322057
302, 383.96854973368124
303, 379.04358036330643
304, 438.0863289498905
305, 351.4762267931924
306, 410.92084731512693
307, 381.225515568346
308, 382.96090563081617
309, 455.94715332042404
310, 471.64047148278087
311, 406.4622953479936
312, 413.4589868070544
313, 539.6612110584662
314, 373.4756688110662
315, 353.6618909163617
316, 455.16754199555913
317, 450.4200326878742
318, 397.9433628925703
319, 460.21636185554996
320, 440.4608481589813
321, 671.8220583578325
322, 502.83643081335276
323, 419.4188032692661
324, 388.1085500842801
325, 364.7028966204826
326, 395.2823556950014
327, 354.7475573550727
328, 407.92752623004566
329, 392.75181699342653
330, 351.3994327017079
331, 404.5919268544823
332, 344.97577855285726
333, 392.179470958604
334, 422.2695432159045
335, 403.04693412907733
336, 346.2399230250151
337, 421.5225581491964
338, 346.4692880011163
339, 353.52238808465256
340, 457.1964021292494
341, 626.3883497091146
342, 358.16374058832696
343, 381.32090782875827
344, 437.0884574013641
345, 345.15021688546756
346, 390.68910280701573
347, 356.2604913778642
348, 459.03174682472775
349, 447.5561965797623
350, 447.5664841363155
351, 383.03283287670826
352, 332.1960801433748
353, 370.24836837299773
354, 457.5635713566388
355, 368.3175458475857
356, 397.702918751713
357, 385.2300031758944
358, 370.4086070433464
359, 407.2052513853602
360, 386.38375529185913
361, 359.5490820146751
362, 354.53497128882947
363, 392.8889596583432
364, 444.6336634303234
365, 409.7098228909796
366, 520.3370007669381
367, 303.17968398807784
368, 391.2110348694164
369, 342.5767767619514
370, 341.53232224140055
371, 387.128700442027
372, 315.3455883977066
373, 412.75851098616096
374, 356.7889770058787
375, 375.4614529395546
376, 376.06880697209203
377, 319.0946052773348
378, 365.89698650899896
379, 381.5582803618986
380, 357.77898463277353
381, 379.47227577213
382, 337.52122287602486
383, 330.6059198607248
384, 336.1095026943643
385, 331.0811076562946
386, 371.3740135229284
387, 290.8875606701229
388, 595.9490040471007
389, 447.8128645663795
390, 360.3261944424281
391, 355.7146381398464
392, 352.22490855331034
393, 313.67746010167474
394, 344.05591091408456
395, 302.40947608912506
396, 331.3328782413347
397, 376.9669768286224
398, 328.43765622156985
399, 405.7084797226702
400, 348.09392317544354
401, 302.42561028260576
402, 318.2187013254867
403, 299.27855503856506
404, 308.06201025801033
405, 527.780914663173
406, 402.81176237019486
407, 317.9779890944866
408, 362.19271771742166
409, 358.9932471400453
410, 339.7773264727325
411, 310.7556225762599
412, 312.7420235222495
413, 292.7325049263772
414, 333.90270777233553
415, 329.23323469239443
416, 366.2566050838689
417, 379.3784200753532
418, 322.1791508870152
419, 320.9672236665567
420, 355.09148067199425
421, 310.61058493097227
422, 323.69600685107986
423, 294.0993399727445
424, 275.96417905448305
425, 319.87928312447536
426, 396.24382333022436
427, 279.74781089096285
428, 499.379242666958
429, 319.42504709551895
430, 346.51283903764596
431, 328.1515412168005
432, 341.38051928528967
433, 343.1561546793001
434, 320.8140033665368
435, 297.73529093585836
436, 298.808659502431
437, 277.4504399256741
438, 322.6648784083279
439, 290.4918965440436
440, 311.6303815070794
441, 323.21030699012107
442, 344.0184600007794
443, 408.38521964849434
444, 337.2375708027564
445, 320.84780053151025
446, 299.6275386366867
447, 373.52656949474743
448, 279.67592390113697
449, 283.31252008944847
450, 395.6191585443022
451, 435.9886646585212
452, 326.1760736209224
453, 315.1335955800782
454, 304.2445267645036
455, 318.6222641967464
456, 295.3128451812418
457, 343.10812553313633
458, 451.43671725800357
459, 296.2658934737066
460, 255.83126029383803
461, 264.0625881239473
462, 265.4961132192617
463, 381.36103333047623
464, 223.74271506783697
465, 252.00863453926183
466, 305.2722679645146
467, 402.4339299003279
468, 270.3864657202715
469, 353.7231478520208
470, 273.20613788149785
471, 314.1890837012166
472, 331.8463872240716
473, 291.214287438566
474, 254.03298459767979
475, 283.8332831169085
476, 303.69592232286544
477, 276.4652991984539
478, 260.27852340678487
479, 432.29202588770676
480, 305.76791800218314
481, 272.85532604002697
482, 274.7259041749432
483, 243.94310329095356
484, 321.183128942192
485, 256.4294285485684
486, 260.7131189952233
487, 223.67274493913158
488, 304.0658654745422
489, 270.68724658335367
490, 263.08168177795034
491, 254.90632574363627
492, 281.05118377719845
493, 271.16624020469993
494, 231.32911115214543
495, 261.30718043659556
496, 279.54425282142637
497, 518.0627164674258
498, 363.67575427360504
499, 254.0015868008372
500, 252.69942691045156
501, 219.7040531941653
502, 218.5364373674249
503, 273.695466068453
504, 283.3472673432106
505, 267.14495282386946
506, 265.77365378427845
507, 286.1815039267934
508, 255.92045541200147
509, 248.19817662795958
510, 287.1465452368436
511, 243.23252437431807
512, 220.83883714614748
513, 315.26593551711505
514, 247.33166961016144
515, 232.35991330274882
516, 244.62906601969382
517, 308.123491992478
518, 316.9973285657874
519, 243.97013353512767
520, 252.48420816685658
521, 267.9828298909564
522, 225.96207100980098
523, 222.73214901446158
524, 238.33248686351905
525, 309.816347580588
526, 247.42489018095222
527, 265.04107061259947
528, 218.72098238937548
529, 459.60420104498735
530, 218.5730278920724
531, 218.64452421669552
532, 228.292463125328
533, 192.77730187621788
534, 235.72406124816612
535, 254.8374782141983
536, 229.86451865097573
537, 219.71981024749184
538, 252.99818825275307
539, 254.59336438338562
540, 252.6395125821152
541, 233.9739270798309
542, 259.51755648727055
543, 236.30241067169467
544, 272.20359230296776
545, 280.85445713895666
546, 221.40819027753273
547, 195.22191801059563
548, 214.4616424058918
549, 267.64735213874195
550, 239.72177396478858
551, 204.12225086670801
552, 398.665412612824
553, 211.88172529108815
554, 229.3037022393067
555, 229.17330892168889
556, 235.87031895094444
557, 212.78156019293058
558, 198.69963949704191
559, 207.82003998856214
560, 218.5947585684635
561, 255.6622416926332
562, 221.8388162812908
563, 232.7031623224482
564, 224.0745135077289
565, 191.47082757056862
566, 215.3577025987061
567, 246.5931072645472
568, 231.4839529980419
569, 202.27142628256468
570, 222.91400687186416
571, 217.45657070397456
572, 201.94252178362314
573, 249.08603713144316
574, 238.87573531372308
575, 224.49194645693754
576, 189.62176921001603
577, 205.60024111025206
578, 227.66146597216328
579, 266.4006740296139
580, 209.8775432029822
581, 184.46689252409152
582, 171.23039224275144
583, 203.34681740036828
584, 214.20936600713603
585, 220.03389526759167
586, 219.65701227924762
587, 203.32030383510076
588, 198.73989175774642
589, 237.56534404912645
590, 235.58625179163147
591, 194.48594888059623
592, 209.58526875978154
593, 216.26786051401774
594, 215.31495920487959
595, 211.43077161073393
596, 255.88388566294128
597, 169.06043676260856
598, 206.99463463041374
599, 191.7808671538106
600, 208.01150171897578
601, 203.65519801398705
602, 237.048308103466
603, 193.3626980008546
604, 165.99338936829628
605, 177.25193748988139
606, 179.94643561380278
607, 223.57536104583968
608, 200.37596787292324
609, 205.9288342085027
610, 212.62935379162656
611, 206.2403991711322
612, 227.5885372275119
613, 230.77425750331582
614, 159.96653010718381
615, 190.21932320744997
616, 160.27473836750366
617, 188.50890405200556
618, 169.9120435468589
619, 211.8387694706762
620, 176.54046746575435
621, 178.90525465365016
622, 190.70609004897534
623, 167.9380880401612
624, 186.08748164353304
625, 171.59293171608385
626, 223.7094609248753
627, 201.02507425334542
628, 170.02451717001097
629, 172.98232913832408
630, 170.8252637498671
631, 194.28521959187512
632, 189.01328303519583
633, 170.71364445247374
634, 184.50846954666727
635, 204.49850674224393
636, 198.62410241429046
637, 184.60756849424564
638, 249.4860698369632
639, 178.72376071000923
640, 162.57068268874457
641, 172.18430041298498
642, 190.98016297288848
643, 237.8676705980798
644, 184.04365783407076
645, 177.4547602320186
646, 175.77518214503775
647, 217.27904369972606
648, 168.78481419245196
649, 162.0597585221009
650, 169.85493963356754
651, 152.65087143619934
652, 193.92620754015536
653, 171.05626922680824
654, 165.7957592016768
655, 163.83776972146703
656, 175.31399972338048
657, 179.24317169810593
658, 188.97585201110866
659, 165.3276335722234
660, 153.55022523700444
661, 180.70145473094527
662, 146.22604746879887
663, 187.75199330840496
664, 181.9515881011012
665, 207.01003045212164
666, 185.34098164463393
667, 164.0577312151923
668, 147.86130266191805
669, 217.50111010670835
670, 186.73401048099092
671, 142.49617896106014
672, 172.2985522473132
673, 177.75682391534565
674, 162.56797028003265
675, 173.2153287219731
676, 162.22531529484914
677, 193.93709318299426
678, 176.22946757161222
679, 153.87111993621016
680, 171.91985400121567
681, 164.88166745068514
682, 170.51234056950608
683, 162.95052327552042
684, 190.81714726279606
685, 177.48136574424146
686, 151.61096114587005
687, 172.41528639236657
688, 166.87334441802
689, 197.74178450462807
690, 167.1957396785916
691, 167.67796524658957
692, 175.12581733466945
693, 149.83759164076577
694, 190.72855263731768
695, 164.01027662784438
696, 158.81501726185468
697, 165.53339403936204
698, 155.3199257539372
699, 163.8709608317391
700, 161.71100255234035
701, 165.19874705408472
702, 158.95022480528834
703, 147.10452740952107
704, 141.29779136456057
705, 163.17741628489694
706, 161.08234788957998
707, 154.2515782726906
708, 188.77129021201404
709, 146.62002644994388
710, 149.8603695794816
711, 171.05412957918273
712, 176.19922363285318
713, 144.06310859189685
714, 156.2270542582163
715, 161.41691464496424
716, 179.59982921315722
717, 163.64229054264297
718, 150.90136452671217
719, 149.11370607564467
720, 159.467674840954
721, 163.40380613947306
722, 162.94552942495721
723, 155.55492239958565
724, 147.38379414608707
725, 154.26375863489363
726, 150.09147905760298
727, 143.070217763821
728, 164.25454706644814
729, 153.93191959583777
730, 190.56204235109607
731, 162.91359602327054
732, 157.49287565235772
733, 190.4612504897319
734, 171.77492995006446
735, 150.7055533656776
736, 164.13203375339342
737, 155.43137969904308
738, 155.00564912770153
739, 146.80790383820047
740, 138.2642705116716
741, 145.40683775202544
742, 146.1341236168576
743, 140.69508790957047
744, 140.8658303194007
745, 146.01722548484238
746, 148.60692944401964
747, 137.66018249134413
748, 152.74739897158804
749, 177.63909699913012
750, 208.0611955732224
751, 143.2478524748458
752, 151.64028004319985
753, 139.53082787085586
754, 132.99131959183194
755, 144.70152159347757
756, 138.86922086853193
757, 162.16193139679905
758, 167.05676782151565
759, 146.11597679813522
760, 126.46038874372057
761, 170.64965155012445
762, 134.0007541972384
763, 155.48495580937015
764, 146.45581232490628
765, 174.0134662445816
766, 145.20210444221246
767, 126.44025158557105
768, 140.360363291567
769, 130.89447065981346
770, 141.76515270617313
771, 126.97890366936521
772, 133.4344468853691
773, 140.63552107982622
774, 132.24822756908347
775, 132.8841793478823
776, 139.14265363039178
777, 144.22541718749378
778, 146.25302999036074
779, 124.65296168963502
780, 149.66086863528488
781, 141.24035645482914
782, 126.15298802503445
783, 180.82620670475723
784, 138.8869106429481
785, 148.13177350606824
786, 187.3196854106278
787, 147.05998824978042
788, 144.19825866432626
789, 141.31796392702344
790, 133.49760201572158
791, 133.28928401867117
792, 128.627284245888
793, 137.51647117783816
794, 138.3258990233603
795, 126.53547575010421
796, 121.7103312675516
797, 126.09155915161179
798, 125.94909672593056
799, 124.70642098997195
800, 138.93570826115976
801, 140.7409536546897
802, 129.05822993144722
803, 138.65018638636568
804, 129.65789702585022
805, 126.74547153141555
806, 142.14440198547214
807, 161.28740926282433
808, 131.14542029652065
809, 137.95571344816042
810, 131.851803549399
811, 159.89019678982513
812, 136.8947977945238
813, 141.84130479954834
814, 144.60220719095486
815, 122.45288225486884
816, 130.92258918221808
817, 126.4029873843331
818, 125.06297351816181
819, 130.0204083952931
820, 128.7617827967329
821, 157.09626913809407
822, 147.14830512416256
823, 129.5555104449952
824, 121.43250246737655
825, 138.25915839545888
826, 119.08858093059395
827, 118.12765548750086
828, 166.509954366633
829, 129.03176837523773
830, 137.21764736777118
831, 120.92274093385126
832, 159.0709222366833
833, 131.22620628058334
834, 138.2396382784589
835, 123.59522711677693
836, 146.16446047685102
837, 137.20414231705735
838, 117.04053513257041
839, 134.77796623492793
840, 129.76269804936075
841, 137.89514747139148
842, 123.40748565348859
843, 131.1104504294658
844, 112.147347854983
845, 121.76464806370878
846, 134.57225744098224
847, 126.35048897676555
848, 135.1463600639193
849, 149.415711193212
850, 124.34800908079684
851, 136.32523167781986
852, 113.45825673033532
853, 117.42061870420478
854, 160.8670090092034
855, 129.59214111380365
856, 124.39732651260422
857, 116.22117208177747
858, 129.06022142390404
859, 126.72888730035658
860, 139.12667586529503
861, 195.98744862666746
862, 143.87450511982848
863, 126.61467283386777
864, 118.75752289463186
865, 117.25566870030255
866, 131.05720737340357
867, 119.85489510084437
868, 122.55656157532898
869, 129.566158600597
870, 115.48887338588752
871, 111.02610118556017
872, 123.92530323835071
873, 138.38400123553257
874, 153.3658086876178
875, 116.7865543134508
876, 106.93239163326777
877, 113.82614423793122
878, 109.03355017218074
879, 154.37054295354258
880, 116.23631081517817
881, 137.09657762312418
882, 111.26495467252491
883, 112.47002118941369
884, 148.07133712883265
885, 129.49073890796524
886, 114.2526189512257
887, 119.63319409488365
888, 116.98048644814655
889, 132.68145369985442
890, 130.4039949307396
891, 110.52413147954596
892, 113.24864315846045
893, 127.18843287519314
894, 192.8459265726751
895, 121.8440198585644
896, 118.04544993220208
897, 126.94042064862322
898, 122.17576370323866
899, 112.59509347492055
900, 109.80835995930104
901, 121.42128804491068
902, 118.01310265420844
903, 134.2414635274771
904, 129.88659638106654
905, 113.30025578435722
906, 114.03664801560426
907, 143.0835254112251
908, 118.67093009773309
909, 112.200978907237
910, 103.7764831709247
911, 112.16464531907951
912, 107.11346042204956
913, 112.72457482528617
914, 142.38791782288126
915, 137.57452537047521
916, 100.81683910076264
917, 137.39765116305617
918, 115.73525172884227
919, 115.484534229168
920, 101.36485621369961
921, 101.1873418895142
922, 101.58198578986814
923, 107.94063469704578
924, 117.61435704362714
925, 109.31675491610626
926, 114.89438079746394
927, 106.2436831819642
928, 132.06347995646212
929, 111.66578822942462
930, 106.05629800866035
931, 104.43525458096153
932, 101.576687041745
933, 105.40315832061744
934, 100.58031023968084
935, 129.55045656287726
936, 103.9234728581017
937, 102.61385394684213
938, 108.99865637789453
939, 119.4436720559765
940, 103.75090749219316
941, 99.39843124648112
942, 111.16397830805269
943, 96.41853877228561
944, 104.63121746627263
945, 102.82284529861897
946, 100.49385413924495
947, 147.3346694727342
948, 97.53024905472513
949, 107.4321664350223
950, 103.55352585949606
951, 102.42924217887712
952, 114.84988250201982
953, 110.40134272229905
954, 96.42062428946394
955, 108.66856791300391
956, 102.25032226277125
957, 104.69216411056533
958, 110.9408724180451
959, 94.60758915371021
960, 115.90434681505357
961, 107.08437363007269
962, 122.80748544492617
963, 104.45530002110462
964, 100.76114199641177
965, 106.72094365399565
966, 100.27399945303453
967, 104.99257735170985
968, 106.55163355331746
969, 117.30610368607364
970, 100.23874699540282
971, 102.36308501643157
972, 99.0722188729828
973, 98.14951243660063
974, 121.9864313162566
975, 102.16373864140851
976, 101.97828408290377
977, 110.13170352488362
978, 104.71000365382562
979, 104.14546334543918
980, 110.01773253990243
981, 114.02865101012858
982, 102.53249924457917
983, 108.64267723913248
984, 109.0558443242494
985, 99.41978583833452
986, 104.89871807793372
987, 93.50912668507844
988, 104.20424043142046
989, 116.12482676411254
990, 107.71587169924038
991, 97.73128515778384
992, 101.279210789738
993, 91.99817382442811
994, 91.91513749804017
995, 91.61878023943109
996, 100.97022194891483
997, 128.7234150545209
998, 92.52177309225151
999, 98.15376364184084