Error results for Simulated Annealing
---------------------------
0, 7121.08576913648
1, 7121.08576913648
2, 7121.08576913648
3, 7121.08576913648
4, 7121.08576913648
5, 7121.08576913648
6, 7121.08576913648
7, 7121.08576913648
8, 7121.08576913648
9, 7121.08576913648
10, 7121.074864478321
11, 7334.993913099591
12, 7334.993913099591
13, 7334.993913099591
14, 7334.993913099591
15, 7334.993913099591
16, 7334.993913099591
17, 7334.993913099591
18, 7334.993913099591
19, 7334.993913099591
20, 8680.866694758031
21, 8680.866694758031
22, 8680.866694758031
23, 8680.866694758031
24, 8680.866694758031
25, 8680.866694758031
26, 8680.866694758031
27, 8680.866694758031
28, 8680.866694758031
29, 8680.866694758031
30, 8680.866694758031
31, 8680.866694758031
32, 3857.3912109008406
33, 3862.001488758649
34, 3862.001488758649
35, 3862.029703065689
36, 3862.029703065689
37, 3862.029703065689
38, 3862.029703065689
39, 3862.0297075158155
40, 3862.0297075158155
41, 3862.0297075158155
42, 3862.0297075158155
43, 3862.0297075158155
44, 3862.0526090458025
45, 3862.0526090458025
46, 3863.2301064504773
47, 3863.2301064504773
48, 3864.235347680894
49, 3864.235347680894
50, 3864.235347680894
51, 3864.235347680894
52, 3864.235347680894
53, 3864.235347680894
54, 3864.235347680894
55, 3864.235347680894
56, 3864.235347680894
57, 3864.235347680894
58, 3864.235347680894
59, 3864.2451351718337
60, 3864.2451351718337
61, 3842.610351212934
62, 3842.610351212934
63, 3842.610351212934
64, 3842.610351212934
65, 3842.610351212934
66, 3842.610351212934
67, 3842.5824241757186
68, 3842.5824241757186
69, 3842.5824241757186
70, 3842.5824241757186
71, 3842.5824241757186
72, 3842.5824241757186
73, 3842.5824241757186
74, 3842.5824241757186
75, 3842.5824241757186
76, 3842.5824241757186
77, 3842.5824241757186
78, 3842.5824241757186
79, 3193.2162103604824
80, 3193.2162103604824
81, 3939.124643148168
82, 3939.124643148168
83, 5502.047946182154
84, 5502.047946182154
85, 5502.047946182154
86, 5502.047946182154
87, 5502.047946182154
88, 4213.788101479146
89, 4213.788101479146
90, 4213.788101479146
91, 4213.788101479146
92, 4213.788101479146
93, 4213.788101479146
94, 4213.788101479146
95, 4213.788101479146
96, 4213.788101479146
97, 4213.788101479146
98, 4610.141865309567
99, 4610.141865309567
100, 4610.141865309567
101, 4610.141865309567
102, 4610.141865309567
103, 4610.141865309567
104, 4610.141865309567
105, 4610.141865309567
106, 4610.141865309567
107, 4610.141865309567
108, 4610.141865309567
109, 4610.141865309567
110, 4610.141865309567
111, 4610.141865309567
112, 4610.141865309567
113, 4610.141865309567
114, 4610.141865309567
115, 4610.141865309567
116, 4610.141865309567
117, 4610.141865309567
118, 4610.141865309567
119, 4610.141865309567
120, 4610.141865309567
121, 4610.141865309567
122, 4610.141865309567
123, 4610.141865309567
124, 4610.141865309567
125, 4612.738834473696
126, 4612.738834473696
127, 4612.738834473696
128, 4612.738834473696
129, 4612.738834473696
130, 4612.738834473696
131, 4612.738834473696
132, 4612.738834473696
133, 4612.738834473696
134, 4612.738834473696
135, 4612.738834473696
136, 4612.738834473696
137, 4612.738834473696
138, 4612.738834473696
139, 4612.738834473696
140, 4612.738834473696
141, 3573.268043588439
142, 3573.268043588439
143, 3573.268043588439
144, 3573.268043588439
145, 3574.008580738407
146, 3574.008580738407
147, 3574.008580738407
148, 3574.008580738407
149, 3574.008580738407
150, 3574.008580738407
151, 3574.008580738407
152, 3574.008580738407
153, 3574.008580738407
154, 3574.008580738407
155, 3574.008580738407
156, 3574.008580738407
157, 3574.008580738407
158, 3574.008580738407
159, 3574.008580738407
160, 3574.008580738407
161, 3574.008580738407
162, 3574.008580738407
163, 3574.008580738407
164, 3574.008580738407
165, 3574.008580738407
166, 3574.008580738407
167, 3574.008580738407
168, 3574.008580738407
169, 3574.008580738407
170, 3464.0254391280064
171, 3464.0254391280064
172, 3464.0254391280064
173, 3464.0254391280064
174, 3464.0254391280064
175, 3464.0254391280064
176, 3464.0254391280064
177, 3464.0254391280064
178, 3464.0254391280064
179, 3464.0254391280064
180, 3464.0254391280064
181, 3464.0254391280064
182, 3464.0254391280064
183, 3464.0254391280064
184, 3464.0254391280064
185, 3464.0254391280064
186, 3465.6984587431793
187, 3465.6984587431793
188, 3465.6984587431793
189, 3465.6984587431793
190, 3465.6984587431793
191, 3465.6984587431793
192, 3465.6984587431793
193, 3465.6984587431793
194, 3465.6984587431793
195, 3465.6984587431793
196, 3465.6984587431793
197, 3465.6984587431793
198, 3465.6984587431793
199, 3465.6984587431793
200, 3465.6984587431793
201, 3582.50698671946
202, 3582.50698671946
203, 3582.50698671946
204, 3582.50698671946
205, 3582.50698671946
206, 3582.50698671946
207, 3578.9936208708505
208, 3578.9936208708505
209, 3578.9936208708505
210, 3578.9936208708505
211, 3578.9936208708505
212, 3156.993806675158
213, 3156.993806675158
214, 3156.993806675158
215, 3156.993806675158
216, 3156.993806675158
217, 3156.993806675158
218, 3156.993806675158
219, 3156.993806675158
220, 3156.993806675158
221, 3578.9936208708505
222, 3578.9936208708505
223, 3578.9936208708505
224, 3578.9936208708505
225, 3578.9936208708505
226, 3578.9936208708505
227, 3655.5345087051473
228, 3655.5345087051473
229, 3655.5345087051473
230, 3655.5345087051473
231, 3655.5345087051473
232, 3655.5345087051473
233, 3655.5345087051473
234, 3655.5345087051473
235, 3655.5345087051473
236, 3655.5345087051473
237, 3655.5345087051473
238, 3655.5345087051473
239, 3655.5345087051473
240, 3655.5345087051473
241, 3655.5345087051473
242, 3655.5345087051473
243, 3655.5345087051473
244, 3655.5345087051473
245, 3655.5345087051473
246, 3655.5345087051473
247, 3655.5345087051473
248, 2967.209411553313
249, 2967.209411553313
250, 2967.209411553313
251, 2967.209411553313
252, 2967.209411553313
253, 2967.209411553313
254, 2967.209411553313
255, 2967.209411553313
256, 2967.209411553313
257, 2967.209411553313
258, 2967.209411553313
259, 2967.209411553313
260, 2967.209411553313
261, 2967.209411553313
262, 2967.209411553313
263, 2967.209411553313
264, 2967.209411553313
265, 2967.209411553313
266, 2967.209411553313
267, 2967.209411553313
268, 2967.209411553313
269, 2967.209411553313
270, 2967.209411553313
271, 2967.209411553313
272, 2967.209411553313
273, 2915.365581282611
274, 2915.365581282611
275, 2915.365581282611
276, 2915.365581282611
277, 2915.365581282611
278, 2915.365581282611
279, 2915.365581282611
280, 2915.365581282611
281, 2915.365581282611
282, 2915.365581282611
283, 2915.365581282611
284, 2915.365581282611
285, 2915.365581282611
286, 2915.365581282611
287, 2902.189604947086
288, 2902.189604947086
289, 2902.189604947086
290, 2902.189604947086
291, 2902.189604947086
292, 2902.192634217594
293, 2902.192634217594
294, 2901.5820896342334
295, 2901.5820896342334
296, 2958.7361376946055
297, 2958.7361376946055
298, 2958.7361376946055
299, 2961.842835400041
300, 2961.842835400041
301, 2961.842835400041
302, 2961.842835400041
303, 2961.842835400041
304, 2955.5185021641064
305, 2955.5185021641064
306, 2955.5185021641064
307, 2955.5185021641064
308, 2874.9995831747333
309, 2875.1004454306617
310, 2875.1004454306617
311, 2899.905279076516
312, 2899.905279076516
313, 2899.905288624876
314, 2899.905288624876
315, 2899.905288624876
316, 2899.905288624876
317, 3083.674215588513
318, 3083.674215588513
319, 3083.674215588513
320, 3083.674215588513
321, 3083.674215588513
322, 3083.674215588513
323, 3083.674215588513
324, 3083.674215588513
325, 3083.674215588513
326, 3083.674215588513
327, 3083.674215588513
328, 3083.674215588513
329, 3083.674215588513
330, 3083.674215588513
331, 3083.674215588513
332, 3083.674215588513
333, 3083.674215588513
334, 3083.674215588513
335, 3091.9872544125997
336, 3092.1047859544897
337, 3101.720743293048
338, 3101.712906565503
339, 3101.73675296492
340, 3101.73675296492
341, 3101.73675296492
342, 3101.73675296492
343, 3101.73675296492
344, 3101.73675296492
345, 3050.419872531156
346, 3050.419872531156
347, 3050.419872531156
348, 3050.419872531156
349, 3050.419872531156
350, 3050.419872531156
351, 3050.419872531156
352, 3050.419872531156
353, 3050.419872531156
354, 3050.4193961672963
355, 3050.4193961672963
356, 3162.1593912935814
357, 3162.1593912935814
358, 3256.8242314284435
359, 3256.8242314284435
360, 3256.8242314284435
361, 3256.8242314284435
362, 3256.8242314284435
363, 3256.8242314284435
364, 3256.8242314284435
365, 3256.8242314284435
366, 3256.8242314284435
367, 3269.6032127899116
368, 3269.6032127899116
369, 3269.6032127899116
370, 3269.6032127899116
371, 3269.6032127899116
372, 2960.9909286088177
373, 2960.9909286088177
374, 2960.9909286088177
375, 2942.8270195909413
376, 2942.994587917621
377, 2942.994587917621
378, 2942.994587917621
379, 2942.994587917621
380, 2942.994587917621
381, 2942.994587917621
382, 2942.994587917621
383, 2942.994587917621
384, 2942.994587917621
385, 2942.994587917621
386, 2911.7487653033827
387, 2911.7487653033827
388, 2911.7487653033827
389, 2911.7487653033827
390, 2911.745724646238
391, 2896.5136291262997
392, 2896.5136291262997
393, 2896.609587453678
394, 2896.609587453678
395, 2896.609587453678
396, 2896.609587453678
397, 2896.609587453678
398, 2896.609587453678
399, 2896.609587453678
400, 2896.641480444391
401, 2896.641480444391
402, 2896.641480444391
403, 2896.641480444391
404, 2896.641480444391
405, 2896.641480444391
406, 2896.641480444391
407, 2896.641480444391
408, 2896.641480444391
409, 2896.641480444391
410, 2896.641480444391
411, 2896.641480444391
412, 2896.641480444391
413, 2896.641480444391
414, 2898.286379116927
415, 2898.2863947932856
416, 2898.286398441924
417, 2898.286398441924
418, 2901.2652201524256
419, 2901.2652201524256
420, 2901.2652201524256
421, 2901.2652201524256
422, 2901.2652201524256
423, 2901.2652201524256
424, 2901.5243068169966
425, 2901.5243068169966
426, 2901.5243068169966
427, 2901.5243068169966
428, 2959.8091960536203
429, 2959.8091960536203
430, 2959.8091960536203
431, 2959.8091960536203
432, 2959.8091960536203
433, 2966.886928383631
434, 2966.8019325880946
435, 2966.8019325880946
436, 2966.8019857901086
437, 2966.8019857901086
438, 2966.8019857901086
439, 2985.5980001909606
440, 2985.5980001909606
441, 2985.5980001909606
442, 2985.5980001909606
443, 2985.5980001909606
444, 2985.5980001909606
445, 3097.6356471933123
446, 3097.6356471933123
447, 3097.6356471933123
448, 3097.6356471933123
449, 3097.6356471933123
450, 3117.3812940938433
451, 3117.3812940938433
452, 3117.3812940938433
453, 3117.3812940938433
454, 3165.7664720730313
455, 3165.7664720730313
456, 3165.7664720730313
457, 3165.7664720730313
458, 3165.7664720730313
459, 3165.7664720730313
460, 3165.7664720730313
461, 3165.7664720730313
462, 3165.7664720730313
463, 3165.7664720730313
464, 3165.7664720730313
465, 3165.7664720730313
466, 3170.759096538595
467, 3058.9548553493905
468, 3058.9548553493905
469, 3058.9548553493905
470, 3058.9548553493905
471, 3058.9548553493905
472, 3058.9548553493905
473, 3058.9548553493905
474, 3058.955417436475
475, 3058.955417436475
476, 3058.955417436475
477, 3174.040046816711
478, 3174.040046816711
479, 3174.040046816711
480, 3174.040046816711
481, 3174.040046816711
482, 3009.7793912943853
483, 3009.7793912943853
484, 3009.7793912943853
485, 3009.7793912943853
486, 3009.7793912943853
487, 3009.7793912943853
488, 3009.4109776453315
489, 3071.5125335172147
490, 3071.5125335172147
491, 3071.5125335172147
492, 3114.1015743977655
493, 3114.1015743977655
494, 3114.1015743977655
495, 3114.1015743977655
496, 3114.1015743977655
497, 3114.1015743977655
498, 3250.6824676539563
499, 3274.603318603899
500, 3274.603318603899
501, 3274.603318603899
502, 3274.603318603899
503, 3274.603318603899
504, 3274.603318603899
505, 3274.603318603899
506, 3274.603318603899
507, 3274.603318603899
508, 3274.603318603899
509, 3274.603318603899
510, 3110.334837519518
511, 3110.334837519518
512, 3110.334837519518
513, 3110.334837519518
514, 3110.334837519518
515, 3110.334837519518
516, 3110.334837519518
517, 3110.334837519518
518, 3110.334837519518
519, 3110.334837519518
520, 3110.334837519518
521, 3110.334837519518
522, 3110.334837519518
523, 3110.334837519518
524, 3110.334837519518
525, 3110.334837519518
526, 3110.334837519518
527, 3109.959900691614
528, 3109.959900691614
529, 3109.959900691614
530, 3109.959900691614
531, 3109.959900691614
532, 3109.959900691614
533, 3109.959900691614
534, 3109.959900691614
535, 3110.218868146282
536, 3110.218868146282
537, 3110.218868146282
538, 3110.218868146282
539, 3110.218868146282
540, 3110.218868146282
541, 3110.218868146282
542, 3110.218868146282
543, 3110.218868146282
544, 3110.218868146282
545, 3110.218868146282
546, 3110.218868146282
547, 3110.218868146282
548, 3110.218868146282
549, 3110.218868146282
550, 3110.218868146282
551, 3110.218868146282
552, 3110.218868146282
553, 3110.218868146282
554, 3110.4036437262507
555, 3110.4036437262507
556, 3192.8136704440135
557, 3192.8136704440135
558, 3192.8136704440135
559, 3192.8136704440135
560, 3174.898121729851
561, 3174.898121729851
562, 3174.898121729851
563, 3154.374107368828
564, 3154.374107368828
565, 3154.374107368828
566, 3154.374107368828
567, 3154.374107368828
568, 3154.374107368828
569, 3154.374107368828
570, 3154.374107368828
571, 3154.374107368828
572, 3154.374107368828
573, 3139.516171534
574, 3140.6455999997984
575, 3140.6455999997984
576, 3142.4836100196853
577, 3247.5552502372516
578, 3247.5552502372516
579, 3247.5552502372516
580, 3247.5552502372516
581, 3247.5552502372516
582, 3247.5552502372516
583, 3247.5552502372516
584, 3247.5552502372516
585, 3247.5552502372516
586, 3247.5552502372516
587, 3247.5552502372516
588, 3247.5552502372516
589, 3247.5552502372516
590, 3247.5552502372516
591, 3247.5552502372516
592, 3247.5552502372516
593, 3247.5552502372516
594, 3286.50722074454
595, 3286.50722074454
596, 3286.50722074454
597, 3286.50722074454
598, 3286.50722074454
599, 3286.50722074454
600, 3286.50722074454
601, 3286.50722074454
602, 3286.50722074454
603, 3286.50722074454
604, 3286.50722074454
605, 3289.6900817359056
606, 3289.6900817359056
607, 3289.6900817359056
608, 3289.6900817359056
609, 3289.6900817359056
610, 3084.505604343886
611, 3084.505604343886
612, 3084.505604343886
613, 3084.505604343886
614, 3084.505604343886
615, 3084.505604343886
616, 3109.4365601237755
617, 3109.4365601237755
618, 3109.4365601237755
619, 3109.4365601237755
620, 3109.4365601237755
621, 3109.4365601237755
622, 3109.4365601237755
623, 3109.4365601237755
624, 3109.4365601237755
625, 3109.4365601237755
626, 3109.4365601237755
627, 3109.4365601237755
628, 3109.4365601237755
629, 3109.4365601237755
630, 3109.4365601237755
631, 3109.4365601237755
632, 3014.852310733174
633, 3014.852310733174
634, 3014.852310733174
635, 3014.852310733174
636, 3014.852310733174
637, 3014.852310733174
638, 3014.852310733174
639, 3014.852310733174
640, 3014.852310733174
641, 3014.852310733174
642, 3011.90129330681
643, 3011.90129330681
644, 3011.90129330681
645, 3011.90129330681
646, 3011.90129330681
647, 3011.90129330681
648, 3011.90129330681
649, 3011.90129330681
650, 3011.90129330681
651, 3011.90129330681
652, 3011.90129330681
653, 3011.90129330681
654, 3011.90129330681
655, 3011.90129330681
656, 3011.90129330681
657, 3011.90129330681
658, 3209.991057189744
659, 3209.991057189744
660, 3209.991057189744
661, 3209.991057189744
662, 3209.991057189744
663, 3209.991057189744
664, 3209.991057189744
665, 3209.991057189744
666, 3209.991057189744
667, 3209.991057189744
668, 3209.991057189744
669, 3209.991057189744
670, 3209.991057189744
671, 3209.991057189744
672, 3209.991057189744
673, 3209.991057189744
674, 3209.991057189744
675, 3209.991057189744
676, 3209.991057189744
677, 3209.991057189744
678, 3209.991057189744
679, 3209.991057189744
680, 3209.991057189744
681, 3112.781523276543
682, 3112.781523276543
683, 3112.781523276543
684, 3112.781523276543
685, 3112.781523276543
686, 3112.781523276543
687, 3112.781523276543
688, 3112.781523276543
689, 3112.781523276543
690, 2965.298856842095
691, 2965.9571980966266
692, 2965.9571980966266
693, 2965.9571980966266
694, 2944.9646788820487
695, 2944.9646788820487
696, 2988.309940542562
697, 2988.309940542562
698, 2988.309940542562
699, 2988.309940542562
700, 2985.866165673376
701, 2985.866165673376
702, 2985.866165673376
703, 2985.866165673376
704, 2985.866165673376
705, 2985.866165673376
706, 2985.866165673376
707, 2985.866165673376
708, 2985.866165673376
709, 2985.866165673376
710, 2985.866165673376
711, 2985.866165673376
712, 2925.3364207358677
713, 2925.3364207358677
714, 2925.3364207358677
715, 2925.3364207358677
716, 2925.1725852357654
717, 3047.097720983562
718, 2925.1725852357654
719, 2925.1725852357654
720, 2925.1725852357654
721, 2925.1725852357654
722, 2925.1725852357654
723, 2929.705399303196
724, 2929.705399303196
725, 2929.705399303196
726, 2929.705399303196
727, 2929.705399303196
728, 2929.705399303196
729, 2929.705399303196
730, 2926.7402433044904
731, 2926.7402433044904
732, 2926.7402433044904
733, 2926.7402433044904
734, 2926.7402433044904
735, 2926.7402433044904
736, 2926.7402433044904
737, 2926.7402433044904
738, 2926.7402433044904
739, 2926.7402433044904
740, 2926.7402433044904
741, 2926.7402433044904
742, 2926.7402433044904
743, 2926.7402433044904
744, 2926.7402433044904
745, 2926.7402433044904
746, 2926.7402433044904
747, 2926.7402433044904
748, 2926.7402433044904
749, 2926.7402433044904
750, 2926.7402433044904
751, 2926.7402433044904
752, 2926.7402433044904
753, 2926.7402433044904
754, 2926.750456944
755, 2926.4701133664516
756, 2926.4701133664516
757, 2926.4701133664516
758, 2926.4701133664516
759, 2961.8635606205016
760, 2926.4701133664516
761, 2926.4701133664516
762, 2926.4701133664516
763, 2925.99689472719
764, 2925.99689472719
765, 2925.99689472719
766, 2925.99689472719
767, 2925.99689472719
768, 2925.99689472719
769, 2925.99689472719
770, 2925.99689472719
771, 2925.99689472719
772, 2925.99689472719
773, 2925.99689472719
774, 2925.99689472719
775, 2925.99689472719
776, 2925.99689472719
777, 2958.073326156657
778, 2925.99689472719
779, 2925.99689472719
780, 2925.99689472719
781, 2925.99689472719
782, 2925.99689472719
783, 2925.99689472719
784, 2925.99689472719
785, 2925.99689472719
786, 2932.174653236036
787, 2932.174653236036
788, 2932.174653236036
789, 2932.174653236036
790, 2932.174653236036
791, 2932.174653236036
792, 2932.174653236036
793, 2932.174653236036
794, 2980.063381313443
795, 2964.508215630461
796, 2941.598990725989
797, 2932.174653236036
798, 2932.174653236036
799, 2932.174653236036
800, 2932.174653236036
801, 2932.174653236036
802, 2932.174653236036
803, 2932.174653236036
804, 2932.174653236036
805, 2932.174653236036
806, 2932.174653236036
807, 2963.602811020069
808, 2932.174653236036
809, 2932.174653236036
810, 2932.174653236036
811, 2932.174653236036
812, 2932.174653236036
813, 2932.174653236036
814, 2932.174653236036
815, 2932.174653236036
816, 2932.174653236036
817, 2932.174653236036
818, 2932.174653236036
819, 2932.174653236036
820, 2932.174653236036
821, 2932.174653236036
822, 2932.174653236036
823, 2932.174653236036
824, 2932.174653236036
825, 2933.716935599545
826, 2932.174653236036
827, 2932.174653236036
828, 2932.749275869425
829, 2932.174653236036
830, 2932.174653236036
831, 2932.174653236036
832, 2927.2895137726373
833, 2927.2895137726373
834, 2927.2895137726373
835, 2927.2895137726373
836, 2927.2895137726373
837, 2927.2895137726373
838, 2927.2895137726373
839, 2927.2895137726373
840, 2927.2895137726373
841, 2927.2895137726373
842, 2927.2895137726373
843, 2927.2895137726373
844, 2927.2895137726373
845, 2927.2895137726373
846, 2927.2895137726373
847, 2927.2895137726373
848, 2971.3406066459197
849, 3032.599897975362
850, 2927.2895137726373
851, 2927.2895137726373
852, 2927.2895137726373
853, 2927.2895137726373
854, 2930.2382029035557
855, 2927.2895137726373
856, 2945.982280120019
857, 2927.2895137726373
858, 2927.2895137726373
859, 2927.2895137726373
860, 2927.2895137726373
861, 2927.0494788220694
862, 2927.0494788220694
863, 2927.0494788220694
864, 2927.0494788220694
865, 2927.0494788220694
866, 2983.167013906749
867, 2927.0494788220694
868, 2927.0494788220694
869, 2927.0494788220694
870, 2931.5468587527557
871, 2927.0494788220694
872, 2927.0494788220694
873, 2927.0494788220694
874, 2927.0494788220694
875, 2927.0494788220694
876, 2929.2254197945053
877, 2927.0494788220694
878, 2927.0494788220694
879, 2927.0494788220694
880, 2927.0494788220694
881, 2927.0494788220694
882, 2927.0494788220694
883, 2974.8159781076683
884, 2927.0494788220694
885, 2927.0494788220694
886, 2927.0494788220694
887, 2927.0494788220694
888, 2927.0494788220694
889, 2927.0494788220694
890, 2927.0494788220694
891, 3032.1259586724987
892, 2927.0494788220694
893, 2926.8014071854204
894, 2956.8230042640394
895, 2922.2046839779914
896, 2922.2046839779914
897, 2922.2046839779914
898, 2922.2046839779914
899, 2922.2046839779914
900, 2922.2046839779914
901, 2922.2046839779914
902, 2922.2046839779914
903, 2922.2046839779914
904, 2922.2046839779914
905, 2922.2046839779914
906, 2922.2046839779914
907, 2922.2046839779914
908, 2922.2046839779914
909, 2922.2046839779914
910, 2922.2046839779914
911, 2922.2046839779914
912, 2922.2046839779914
913, 2922.2046839779914
914, 2922.2046839779914
915, 2922.2046839779914
916, 2922.2046839779914
917, 2922.2046839779914
918, 2922.2046839779914
919, 2949.4751720528225
920, 2955.7118735117633
921, 2922.2046839779914
922, 2922.2046839779914
923, 2922.2046839779914
924, 2922.2046839779914
925, 2922.2046839779914
926, 2922.2046839779914
927, 2922.2046839779914
928, 2922.2046839779914
929, 2922.2046839779914
930, 2922.2046839779914
931, 2922.2046839779914
932, 2922.2046839779914
933, 2922.2046839779914
934, 2922.2046839779914
935, 2922.2046839779914
936, 2922.219507388027
937, 2922.2046839779914
938, 2922.2046839779914
939, 2922.2046839779914
940, 2922.2046839779914
941, 2922.2046839779914
942, 2922.2046839779914
943, 2922.2046839779914
944, 2922.2046839779914
945, 2922.2046839779914
946, 2922.2046839779914
947, 3024.706540903623
948, 2922.2046839779914
949, 2922.2046839779914
950, 2922.2046839779914
951, 2922.2046839779914
952, 2926.2076660025964
953, 2922.2046839779914
954, 2922.2046839779914
955, 2922.2046839779914
956, 2939.249001763569
957, 2922.2046839779914
958, 2922.2046839779914
959, 2922.2046839779914
960, 2922.2046839779914
961, 2922.2046839779914
962, 2922.2046839779914
963, 2922.2046839779914
964, 2922.2046839779914
965, 2922.2046839779914
966, 2927.9903593199715
967, 2922.2046839779914
968, 2922.2046839779914
969, 2922.2046839779914
970, 2922.2046839779914
971, 2922.2046839779914
972, 2922.2046839779914
973, 2950.1009103970964
974, 2922.2046839779914
975, 2922.2046839779914
976, 2922.2046839779914
977, 2922.2046839779914
978, 2922.2046839779914
979, 2922.2046839779914
980, 2922.2046839779914
981, 2922.2046839779914
982, 2922.2046839779914
983, 2922.2046839779914
984, 2922.2046839779914
985, 2922.2046839779914
986, 2922.2046839779914
987, 2922.2046839779914
988, 2922.2046839779914
989, 2922.2046839779914
990, 2922.2046839779914
991, 2923.176933823601
992, 2922.2046839779914
993, 2922.2046839779914
994, 2922.2046839779914
995, 2922.2046839779914
996, 2923.0745220682643
997, 2922.2046839779914
998, 2922.2046839779914
999, 2922.2046839779914



Error results for Simulated Annealing
---------------------------
0, 7121.08576913648
1, 7121.08576913648
2, 7121.08576913648
3, 7121.08576913648
4, 7121.08576913648
5, 7121.08576913648
6, 7121.08576913648
7, 7121.08576913648
8, 7121.08576913648
9, 7121.08576913648
10, 7121.074864478321
11, 7334.993913099591
12, 7334.993913099591
13, 7334.993913099591
14, 7334.993913099591
15, 7334.993913099591
16, 7334.993913099591
17, 7334.993913099591
18, 7334.993913099591
19, 7334.993913099591
20, 8680.866694758031
21, 8680.866694758031
22, 8680.866694758031
23, 8680.866694758031
24, 8680.866694758031
25, 8680.866694758031
26, 8680.866694758031
27, 8680.866694758031
28, 8680.866694758031
29, 8680.866694758031
30, 8680.866694758031
31, 8680.866694758031
32, 3857.3912109008406
33, 3862.001488758649
34, 3862.001488758649
35, 3862.029703065689
36, 3862.029703065689
37, 3862.029703065689
38, 3862.029703065689
39, 3862.0297075158155
40, 3862.0297075158155
41, 3862.0297075158155
42, 3862.0297075158155
43, 3862.0297075158155
44, 3862.0526090458025
45, 3862.0526090458025
46, 3863.2301064504773
47, 3863.2301064504773
48, 3864.235347680894
49, 3864.235347680894
50, 3864.235347680894
51, 3864.235347680894
52, 3864.235347680894
53, 3864.235347680894
54, 3864.235347680894
55, 3864.235347680894
56, 3864.235347680894
57, 3864.235347680894
58, 3864.235347680894
59, 3864.2451351718337
60, 3864.2451351718337
61, 3842.610351212934
62, 3842.610351212934
63, 3842.610351212934
64, 3842.610351212934
65, 3842.610351212934
66, 3842.610351212934
67, 3842.5824241757186
68, 3842.5824241757186
69, 3842.5824241757186
70, 3842.5824241757186
71, 3842.5824241757186
72, 3842.5824241757186
73, 3842.5824241757186
74, 3842.5824241757186
75, 3842.5824241757186
76, 3842.5824241757186
77, 3842.5824241757186
78, 3842.5824241757186
79, 3193.2162103604824
80, 3193.2162103604824
81, 3939.124643148168
82, 3939.124643148168
83, 5502.047946182154
84, 5502.047946182154
85, 5502.047946182154
86, 5502.047946182154
87, 5502.047946182154
88, 4213.788101479146
89, 4213.788101479146
90, 4213.788101479146
91, 4213.788101479146
92, 4213.788101479146
93, 4213.788101479146
94, 4213.788101479146
95, 4213.788101479146
96, 4213.788101479146
97, 4213.788101479146
98, 4610.141865309567
99, 4610.141865309567
100, 4610.141865309567
101, 4610.141865309567
102, 4610.141865309567
103, 4610.141865309567
104, 4610.141865309567
105, 4610.141865309567
106, 4610.141865309567
107, 4610.141865309567
108, 4610.141865309567
109, 4610.141865309567
110, 4610.141865309567
111, 4610.141865309567
112, 4610.141865309567
113, 4610.141865309567
114, 4610.141865309567
115, 4610.141865309567
116, 4610.141865309567
117, 4610.141865309567
118, 4610.141865309567
119, 4610.141865309567
120, 4610.141865309567
121, 4610.141865309567
122, 4610.141865309567
123, 4610.141865309567
124, 4610.141865309567
125, 4612.738834473696
126, 4612.738834473696
127, 4612.738834473696
128, 4612.738834473696
129, 4612.738834473696
130, 4612.738834473696
131, 4612.738834473696
132, 4612.738834473696
133, 4612.738834473696
134, 4612.738834473696
135, 4612.738834473696
136, 4612.738834473696
137, 4612.738834473696
138, 4612.738834473696
139, 4612.738834473696
140, 4612.738834473696
141, 3573.268043588439
142, 3573.268043588439
143, 3573.268043588439
144, 3573.268043588439
145, 3574.008580738407
146, 3574.008580738407
147, 3574.008580738407
148, 3574.008580738407
149, 3574.008580738407
150, 3574.008580738407
151, 3574.008580738407
152, 3574.008580738407
153, 3574.008580738407
154, 3574.008580738407
155, 3574.008580738407
156, 3574.008580738407
157, 3574.008580738407
158, 3574.008580738407
159, 3574.008580738407
160, 3574.008580738407
161, 3574.008580738407
162, 3574.008580738407
163, 3574.008580738407
164, 3574.008580738407
165, 3574.008580738407
166, 3574.008580738407
167, 3574.008580738407
168, 3574.008580738407
169, 3574.008580738407
170, 3464.0254391280064
171, 3464.0254391280064
172, 3464.0254391280064
173, 3464.0254391280064
174, 3464.0254391280064
175, 3464.0254391280064
176, 3464.0254391280064
177, 3464.0254391280064
178, 3464.0254391280064
179, 3464.0254391280064
180, 3464.0254391280064
181, 3464.0254391280064
182, 3464.0254391280064
183, 3464.0254391280064
184, 3464.0254391280064
185, 3464.0254391280064
186, 3465.6984587431793
187, 3465.6984587431793
188, 3465.6984587431793
189, 3465.6984587431793
190, 3465.6984587431793
191, 3465.6984587431793
192, 3465.6984587431793
193, 3465.6984587431793
194, 3465.6984587431793
195, 3465.6984587431793
196, 3465.6984587431793
197, 3465.6984587431793
198, 3465.6984587431793
199, 3465.6984587431793
200, 3465.6984587431793
201, 3582.50698671946
202, 3582.50698671946
203, 3582.50698671946
204, 3582.50698671946
205, 3582.50698671946
206, 3582.50698671946
207, 3578.9936208708505
208, 3578.9936208708505
209, 3578.9936208708505
210, 3578.9936208708505
211, 3578.9936208708505
212, 3156.993806675158
213, 3156.993806675158
214, 3156.993806675158
215, 3156.993806675158
216, 3156.993806675158
217, 3156.993806675158
218, 3156.993806675158
219, 3156.993806675158
220, 3156.993806675158
221, 3578.9936208708505
222, 3578.9936208708505
223, 3578.9936208708505
224, 3578.9936208708505
225, 3578.9936208708505
226, 3578.9936208708505
227, 3655.5345087051473
228, 3655.5345087051473
229, 3655.5345087051473
230, 3655.5345087051473
231, 3655.5345087051473
232, 3655.5345087051473
233, 3655.5345087051473
234, 3655.5345087051473
235, 3655.5345087051473
236, 3655.5345087051473
237, 3655.5345087051473
238, 3655.5345087051473
239, 3655.5345087051473
240, 3655.5345087051473
241, 3655.5345087051473
242, 3655.5345087051473
243, 3655.5345087051473
244, 3655.5345087051473
245, 3655.5345087051473
246, 3655.5345087051473
247, 3655.5345087051473
248, 2967.209411553313
249, 2967.209411553313
250, 2967.209411553313
251, 2967.209411553313
252, 2967.209411553313
253, 2967.209411553313
254, 2967.209411553313
255, 2967.209411553313
256, 2967.209411553313
257, 2967.209411553313
258, 2967.209411553313
259, 2967.209411553313
260, 2967.209411553313
261, 2967.209411553313
262, 2967.209411553313
263, 2967.209411553313
264, 2967.209411553313
265, 2967.209411553313
266, 2967.209411553313
267, 2967.209411553313
268, 2967.209411553313
269, 2967.209411553313
270, 2967.209411553313
271, 2967.209411553313
272, 2967.209411553313
273, 2915.365581282611
274, 2915.365581282611
275, 2915.365581282611
276, 2915.365581282611
277, 2915.365581282611
278, 2915.365581282611
279, 2915.365581282611
280, 2915.365581282611
281, 2915.365581282611
282, 2915.365581282611
283, 2915.365581282611
284, 2915.365581282611
285, 2915.365581282611
286, 2915.365581282611
287, 2902.189604947086
288, 2902.189604947086
289, 2902.189604947086
290, 2902.189604947086
291, 2902.189604947086
292, 2902.192634217594
293, 2902.192634217594
294, 2901.5820896342334
295, 2901.5820896342334
296, 2958.7361376946055
297, 2958.7361376946055
298, 2958.7361376946055
299, 2961.842835400041
300, 2961.842835400041
301, 2961.842835400041
302, 2961.842835400041
303, 2961.842835400041
304, 2955.5185021641064
305, 2955.5185021641064
306, 2955.5185021641064
307, 2955.5185021641064
308, 2874.9995831747333
309, 2875.1004454306617
310, 2875.1004454306617
311, 2899.905279076516
312, 2899.905279076516
313, 2899.905288624876
314, 2899.905288624876
315, 2899.905288624876
316, 2899.905288624876
317, 3083.674215588513
318, 3083.674215588513
319, 3083.674215588513
320, 3083.674215588513
321, 3083.674215588513
322, 3083.674215588513
323, 3083.674215588513
324, 3083.674215588513
325, 3083.674215588513
326, 3083.674215588513
327, 3083.674215588513
328, 3083.674215588513
329, 3083.674215588513
330, 3083.674215588513
331, 3083.674215588513
332, 3083.674215588513
333, 3083.674215588513
334, 3083.674215588513
335, 3091.9872544125997
336, 3092.1047859544897
337, 3101.720743293048
338, 3101.712906565503
339, 3101.73675296492
340, 3101.73675296492
341, 3101.73675296492
342, 3101.73675296492
343, 3101.73675296492
344, 3101.73675296492
345, 3050.419872531156
346, 3050.419872531156
347, 3050.419872531156
348, 3050.419872531156
349, 3050.419872531156
350, 3050.419872531156
351, 3050.419872531156
352, 3050.419872531156
353, 3050.419872531156
354, 3050.4193961672963
355, 3050.4193961672963
356, 3162.1593912935814
357, 3162.1593912935814
358, 3256.8242314284435
359, 3256.8242314284435
360, 3256.8242314284435
361, 3256.8242314284435
362, 3256.8242314284435
363, 3256.8242314284435
364, 3256.8242314284435
365, 3256.8242314284435
366, 3256.8242314284435
367, 3269.6032127899116
368, 3269.6032127899116
369, 3269.6032127899116
370, 3269.6032127899116
371, 3269.6032127899116
372, 2960.9909286088177
373, 2960.9909286088177
374, 2960.9909286088177
375, 2942.8270195909413
376, 2942.994587917621
377, 2942.994587917621
378, 2942.994587917621
379, 2942.994587917621
380, 2942.994587917621
381, 2942.994587917621
382, 2942.994587917621
383, 2942.994587917621
384, 2942.994587917621
385, 2942.994587917621
386, 2911.7487653033827
387, 2911.7487653033827
388, 2911.7487653033827
389, 2911.7487653033827
390, 2911.745724646238
391, 2896.5136291262997
392, 2896.5136291262997
393, 2896.609587453678
394, 2896.609587453678
395, 2896.609587453678
396, 2896.609587453678
397, 2896.609587453678
398, 2896.609587453678
399, 2896.609587453678
400, 2896.641480444391
401, 2896.641480444391
402, 2896.641480444391
403, 2896.641480444391
404, 2896.641480444391
405, 2896.641480444391
406, 2896.641480444391
407, 2896.641480444391
408, 2896.641480444391
409, 2896.641480444391
410, 2896.641480444391
411, 2896.641480444391
412, 2896.641480444391
413, 2896.641480444391
414, 2898.286379116927
415, 2898.2863947932856
416, 2898.286398441924
417, 2898.286398441924
418, 2901.2652201524256
419, 2901.2652201524256
420, 2901.2652201524256
421, 2901.2652201524256
422, 2901.2652201524256
423, 2901.2652201524256
424, 2901.5243068169966
425, 2901.5243068169966
426, 2901.5243068169966
427, 2901.5243068169966
428, 2959.8091960536203
429, 2959.8091960536203
430, 2959.8091960536203
431, 2959.8091960536203
432, 2959.8091960536203
433, 2966.886928383631
434, 2966.8019325880946
435, 2966.8019325880946
436, 2966.8019857901086
437, 2966.8019857901086
438, 2966.8019857901086
439, 2985.5980001909606
440, 2985.5980001909606
441, 2985.5980001909606
442, 2985.5980001909606
443, 2985.5980001909606
444, 2985.5980001909606
445, 3097.6356471933123
446, 3097.6356471933123
447, 3097.6356471933123
448, 3097.6356471933123
449, 3097.6356471933123
450, 3117.3812940938433
451, 3117.3812940938433
452, 3117.3812940938433
453, 3117.3812940938433
454, 3165.7664720730313
455, 3165.7664720730313
456, 3165.7664720730313
457, 3165.7664720730313
458, 3165.7664720730313
459, 3165.7664720730313
460, 3165.7664720730313
461, 3165.7664720730313
462, 3165.7664720730313
463, 3165.7664720730313
464, 3165.7664720730313
465, 3165.7664720730313
466, 3170.759096538595
467, 3058.9548553493905
468, 3058.9548553493905
469, 3058.9548553493905
470, 3058.9548553493905
471, 3058.9548553493905
472, 3058.9548553493905
473, 3058.9548553493905
474, 3058.955417436475
475, 3058.955417436475
476, 3058.955417436475
477, 3174.040046816711
478, 3174.040046816711
479, 3174.040046816711
480, 3174.040046816711
481, 3174.040046816711
482, 3009.7793912943853
483, 3009.7793912943853
484, 3009.7793912943853
485, 3009.7793912943853
486, 3009.7793912943853
487, 3009.7793912943853
488, 3009.4109776453315
489, 3071.5125335172147
490, 3071.5125335172147
491, 3071.5125335172147
492, 3114.1015743977655
493, 3114.1015743977655
494, 3114.1015743977655
495, 3114.1015743977655
496, 3114.1015743977655
497, 3114.1015743977655
498, 3250.6824676539563
499, 3274.603318603899
500, 3274.603318603899
501, 3274.603318603899
502, 3274.603318603899
503, 3274.603318603899
504, 3274.603318603899
505, 3274.603318603899
506, 3274.603318603899
507, 3274.603318603899
508, 3274.603318603899
509, 3274.603318603899
510, 3110.334837519518
511, 3110.334837519518
512, 3110.334837519518
513, 3110.334837519518
514, 3110.334837519518
515, 3110.334837519518
516, 3110.334837519518
517, 3110.334837519518
518, 3110.334837519518
519, 3110.334837519518
520, 3110.334837519518
521, 3110.334837519518
522, 3110.334837519518
523, 3110.334837519518
524, 3110.334837519518
525, 3110.334837519518
526, 3110.334837519518
527, 3109.959900691614
528, 3109.959900691614
529, 3109.959900691614
530, 3109.959900691614
531, 3109.959900691614
532, 3109.959900691614
533, 3109.959900691614
534, 3109.959900691614
535, 3110.218868146282
536, 3110.218868146282
537, 3110.218868146282
538, 3110.218868146282
539, 3110.218868146282
540, 3110.218868146282
541, 3110.218868146282
542, 3110.218868146282
543, 3110.218868146282
544, 3110.218868146282
545, 3110.218868146282
546, 3110.218868146282
547, 3110.218868146282
548, 3110.218868146282
549, 3110.218868146282
550, 3110.218868146282
551, 3110.218868146282
552, 3110.218868146282
553, 3110.218868146282
554, 3110.4036437262507
555, 3110.4036437262507
556, 3192.8136704440135
557, 3192.8136704440135
558, 3192.8136704440135
559, 3192.8136704440135
560, 3174.898121729851
561, 3174.898121729851
562, 3174.898121729851
563, 3154.374107368828
564, 3154.374107368828
565, 3154.374107368828
566, 3154.374107368828
567, 3154.374107368828
568, 3154.374107368828
569, 3154.374107368828
570, 3154.374107368828
571, 3154.374107368828
572, 3154.374107368828
573, 3139.516171534
574, 3140.6455999997984
575, 3140.6455999997984
576, 3142.4836100196853
577, 3247.5552502372516
578, 3247.5552502372516
579, 3247.5552502372516
580, 3247.5552502372516
581, 3247.5552502372516
582, 3247.5552502372516
583, 3247.5552502372516
584, 3247.5552502372516
585, 3247.5552502372516
586, 3247.5552502372516
587, 3247.5552502372516
588, 3247.5552502372516
589, 3247.5552502372516
590, 3247.5552502372516
591, 3247.5552502372516
592, 3247.5552502372516
593, 3247.5552502372516
594, 3286.50722074454
595, 3286.50722074454
596, 3286.50722074454
597, 3286.50722074454
598, 3286.50722074454
599, 3286.50722074454
600, 3286.50722074454
601, 3286.50722074454
602, 3286.50722074454
603, 3286.50722074454
604, 3286.50722074454
605, 3289.6900817359056
606, 3289.6900817359056
607, 3289.6900817359056
608, 3289.6900817359056
609, 3289.6900817359056
610, 3084.505604343886
611, 3084.505604343886
612, 3084.505604343886
613, 3084.505604343886
614, 3084.505604343886
615, 3084.505604343886
616, 3109.4365601237755
617, 3109.4365601237755
618, 3109.4365601237755
619, 3109.4365601237755
620, 3109.4365601237755
621, 3109.4365601237755
622, 3109.4365601237755
623, 3109.4365601237755
624, 3109.4365601237755
625, 3109.4365601237755
626, 3109.4365601237755
627, 3109.4365601237755
628, 3109.4365601237755
629, 3109.4365601237755
630, 3109.4365601237755
631, 3109.4365601237755
632, 3014.852310733174
633, 3014.852310733174
634, 3014.852310733174
635, 3014.852310733174
636, 3014.852310733174
637, 3014.852310733174
638, 3014.852310733174
639, 3014.852310733174
640, 3014.852310733174
641, 3014.852310733174
642, 3011.90129330681
643, 3011.90129330681
644, 3011.90129330681
645, 3011.90129330681
646, 3011.90129330681
647, 3011.90129330681
648, 3011.90129330681
649, 3011.90129330681
650, 3011.90129330681
651, 3011.90129330681
652, 3011.90129330681
653, 3011.90129330681
654, 3011.90129330681
655, 3011.90129330681
656, 3011.90129330681
657, 3011.90129330681
658, 3209.991057189744
659, 3209.991057189744
660, 3209.991057189744
661, 3209.991057189744
662, 3209.991057189744
663, 3209.991057189744
664, 3209.991057189744
665, 3209.991057189744
666, 3209.991057189744
667, 3209.991057189744
668, 3209.991057189744
669, 3209.991057189744
670, 3209.991057189744
671, 3209.991057189744
672, 3209.991057189744
673, 3209.991057189744
674, 3209.991057189744
675, 3209.991057189744
676, 3209.991057189744
677, 3209.991057189744
678, 3209.991057189744
679, 3209.991057189744
680, 3209.991057189744
681, 3112.781523276543
682, 3112.781523276543
683, 3112.781523276543
684, 3112.781523276543
685, 3112.781523276543
686, 3112.781523276543
687, 3112.781523276543
688, 3112.781523276543
689, 3112.781523276543
690, 2965.298856842095
691, 2965.9571980966266
692, 2965.9571980966266
693, 2965.9571980966266
694, 2944.9646788820487
695, 2944.9646788820487
696, 2988.309940542562
697, 2988.309940542562
698, 2988.309940542562
699, 2988.309940542562
700, 2985.866165673376
701, 2985.866165673376
702, 2985.866165673376
703, 2985.866165673376
704, 2985.866165673376
705, 2985.866165673376
706, 2985.866165673376
707, 2985.866165673376
708, 2985.866165673376
709, 2985.866165673376
710, 2985.866165673376
711, 2985.866165673376
712, 2925.3364207358677
713, 2925.3364207358677
714, 2925.3364207358677
715, 2925.3364207358677
716, 2925.1725852357654
717, 3047.097720983562
718, 2925.1725852357654
719, 2925.1725852357654
720, 2925.1725852357654
721, 2925.1725852357654
722, 2925.1725852357654
723, 2929.705399303196
724, 2929.705399303196
725, 2929.705399303196
726, 2929.705399303196
727, 2929.705399303196
728, 2929.705399303196
729, 2929.705399303196
730, 2926.7402433044904
731, 2926.7402433044904
732, 2926.7402433044904
733, 2926.7402433044904
734, 2926.7402433044904
735, 2926.7402433044904
736, 2926.7402433044904
737, 2926.7402433044904
738, 2926.7402433044904
739, 2926.7402433044904
740, 2926.7402433044904
741, 2926.7402433044904
742, 2926.7402433044904
743, 2926.7402433044904
744, 2926.7402433044904
745, 2926.7402433044904
746, 2926.7402433044904
747, 2926.7402433044904
748, 2926.7402433044904
749, 2926.7402433044904
750, 2926.7402433044904
751, 2926.7402433044904
752, 2926.7402433044904
753, 2926.7402433044904
754, 2926.750456944
755, 2926.4701133664516
756, 2926.4701133664516
757, 2926.4701133664516
758, 2926.4701133664516
759, 2961.8635606205016
760, 2926.4701133664516
761, 2926.4701133664516
762, 2926.4701133664516
763, 2925.99689472719
764, 2925.99689472719
765, 2925.99689472719
766, 2925.99689472719
767, 2925.99689472719
768, 2925.99689472719
769, 2925.99689472719
770, 2925.99689472719
771, 2925.99689472719
772, 2925.99689472719
773, 2925.99689472719
774, 2925.99689472719
775, 2925.99689472719
776, 2925.99689472719
777, 2958.073326156657
778, 2925.99689472719
779, 2925.99689472719
780, 2925.99689472719
781, 2925.99689472719
782, 2925.99689472719
783, 2925.99689472719
784, 2925.99689472719
785, 2925.99689472719
786, 2932.174653236036
787, 2932.174653236036
788, 2932.174653236036
789, 2932.174653236036
790, 2932.174653236036
791, 2932.174653236036
792, 2932.174653236036
793, 2932.174653236036
794, 2980.063381313443
795, 2964.508215630461
796, 2941.598990725989
797, 2932.174653236036
798, 2932.174653236036
799, 2932.174653236036
800, 2932.174653236036
801, 2932.174653236036
802, 2932.174653236036
803, 2932.174653236036
804, 2932.174653236036
805, 2932.174653236036
806, 2932.174653236036
807, 2963.602811020069
808, 2932.174653236036
809, 2932.174653236036
810, 2932.174653236036
811, 2932.174653236036
812, 2932.174653236036
813, 2932.174653236036
814, 2932.174653236036
815, 2932.174653236036
816, 2932.174653236036
817, 2932.174653236036
818, 2932.174653236036
819, 2932.174653236036
820, 2932.174653236036
821, 2932.174653236036
822, 2932.174653236036
823, 2932.174653236036
824, 2932.174653236036
825, 2933.716935599545
826, 2932.174653236036
827, 2932.174653236036
828, 2932.749275869425
829, 2932.174653236036
830, 2932.174653236036
831, 2932.174653236036
832, 2927.2895137726373
833, 2927.2895137726373
834, 2927.2895137726373
835, 2927.2895137726373
836, 2927.2895137726373
837, 2927.2895137726373
838, 2927.2895137726373
839, 2927.2895137726373
840, 2927.2895137726373
841, 2927.2895137726373
842, 2927.2895137726373
843, 2927.2895137726373
844, 2927.2895137726373
845, 2927.2895137726373
846, 2927.2895137726373
847, 2927.2895137726373
848, 2971.3406066459197
849, 3032.599897975362
850, 2927.2895137726373
851, 2927.2895137726373
852, 2927.2895137726373
853, 2927.2895137726373
854, 2930.2382029035557
855, 2927.2895137726373
856, 2945.982280120019
857, 2927.2895137726373
858, 2927.2895137726373
859, 2927.2895137726373
860, 2927.2895137726373
861, 2927.0494788220694
862, 2927.0494788220694
863, 2927.0494788220694
864, 2927.0494788220694
865, 2927.0494788220694
866, 2983.167013906749
867, 2927.0494788220694
868, 2927.0494788220694
869, 2927.0494788220694
870, 2931.5468587527557
871, 2927.0494788220694
872, 2927.0494788220694
873, 2927.0494788220694
874, 2927.0494788220694
875, 2927.0494788220694
876, 2929.2254197945053
877, 2927.0494788220694
878, 2927.0494788220694
879, 2927.0494788220694
880, 2927.0494788220694
881, 2927.0494788220694
882, 2927.0494788220694
883, 2974.8159781076683
884, 2927.0494788220694
885, 2927.0494788220694
886, 2927.0494788220694
887, 2927.0494788220694
888, 2927.0494788220694
889, 2927.0494788220694
890, 2927.0494788220694
891, 3032.1259586724987
892, 2927.0494788220694
893, 2926.8014071854204
894, 2956.8230042640394
895, 2922.2046839779914
896, 2922.2046839779914
897, 2922.2046839779914
898, 2922.2046839779914
899, 2922.2046839779914
900, 2922.2046839779914
901, 2922.2046839779914
902, 2922.2046839779914
903, 2922.2046839779914
904, 2922.2046839779914
905, 2922.2046839779914
906, 2922.2046839779914
907, 2922.2046839779914
908, 2922.2046839779914
909, 2922.2046839779914
910, 2922.2046839779914
911, 2922.2046839779914
912, 2922.2046839779914
913, 2922.2046839779914
914, 2922.2046839779914
915, 2922.2046839779914
916, 2922.2046839779914
917, 2922.2046839779914
918, 2922.2046839779914
919, 2949.4751720528225
920, 2955.7118735117633
921, 2922.2046839779914
922, 2922.2046839779914
923, 2922.2046839779914
924, 2922.2046839779914
925, 2922.2046839779914
926, 2922.2046839779914
927, 2922.2046839779914
928, 2922.2046839779914
929, 2922.2046839779914
930, 2922.2046839779914
931, 2922.2046839779914
932, 2922.2046839779914
933, 2922.2046839779914
934, 2922.2046839779914
935, 2922.2046839779914
936, 2922.219507388027
937, 2922.2046839779914
938, 2922.2046839779914
939, 2922.2046839779914
940, 2922.2046839779914
941, 2922.2046839779914
942, 2922.2046839779914
943, 2922.2046839779914
944, 2922.2046839779914
945, 2922.2046839779914
946, 2922.2046839779914
947, 3024.706540903623
948, 2922.2046839779914
949, 2922.2046839779914
950, 2922.2046839779914
951, 2922.2046839779914
952, 2926.2076660025964
953, 2922.2046839779914
954, 2922.2046839779914
955, 2922.2046839779914
956, 2939.249001763569
957, 2922.2046839779914
958, 2922.2046839779914
959, 2922.2046839779914
960, 2922.2046839779914
961, 2922.2046839779914
962, 2922.2046839779914
963, 2922.2046839779914
964, 2922.2046839779914
965, 2922.2046839779914
966, 2927.9903593199715
967, 2922.2046839779914
968, 2922.2046839779914
969, 2922.2046839779914
970, 2922.2046839779914
971, 2922.2046839779914
972, 2922.2046839779914
973, 2950.1009103970964
974, 2922.2046839779914
975, 2922.2046839779914
976, 2922.2046839779914
977, 2922.2046839779914
978, 2922.2046839779914
979, 2922.2046839779914
980, 2922.2046839779914
981, 2922.2046839779914
982, 2922.2046839779914
983, 2922.2046839779914
984, 2922.2046839779914
985, 2922.2046839779914
986, 2922.2046839779914
987, 2922.2046839779914
988, 2922.2046839779914
989, 2922.2046839779914
990, 2922.2046839779914
991, 2923.176933823601
992, 2922.2046839779914
993, 2922.2046839779914
994, 2922.2046839779914
995, 2922.2046839779914
996, 2923.0745220682643
997, 2922.2046839779914
998, 2922.2046839779914
999, 2922.2046839779914


Error results for Standard Genetic Algorithm
---------------------------
0, 2981.488843373447
1, 4914.875514155226
2, 2970.065629728139
3, 3339.286136366031
4, 2935.316787990203
5, 3143.614858490518
6, 2947.068548278947
7, 4538.1243284142065
8, 3210.7291674993157
9, 3022.7123147871
10, 3112.9685113906844
11, 2951.713466333756
12, 2956.1479584048357
13, 3029.250095250625
14, 2915.0231132369263
15, 2996.396838901636
16, 3288.3965526101197
17, 3088.7655935789267
18, 2970.1996612108474
19, 3033.4606773707046
20, 3906.291737472213
21, 3095.980093195614
22, 3254.122150479517
23, 3283.082795200488
24, 6016.2403543281725
25, 6033.493291529624
26, 2993.004001401207
27, 2977.353530680911
28, 3255.955401569433
29, 3351.7377244220525
30, 3565.4041346235413
31, 3077.0450990357804
32, 3028.9750326161757
33, 3098.1743466136522
34, 3095.554865463556
35, 3054.5403082385355
36, 3190.121171672262
37, 3553.91822480596
38, 2980.49450374565
39, 3593.7119070069157
40, 3024.915387481147
41, 2958.7893122273417
42, 7496.325933407306
43, 2973.489777130972
44, 3027.0275826552456
45, 4551.414212068038
46, 3947.319617324413
47, 4578.988693848644
48, 3206.05923959471
49, 3088.8935402809752
50, 2921.1495786901814
51, 3024.1727575446716
52, 4174.197754830606
53, 3162.160361779994
54, 2960.046837404583
55, 3078.5006361059827
56, 3062.77648277576
57, 3302.906064490261
58, 3296.3037243896533
59, 3157.851653828551
60, 3388.8744187699267
61, 3200.3121127958034
62, 3001.1182588553597
63, 4314.469364111818
64, 2935.0672782661954
65, 2906.154585309146
66, 3242.006951322995
67, 3020.97572707868
68, 3361.2347682109903
69, 3055.7887023028798
70, 3086.1994012669843
71, 3119.890631896901
72, 3179.4007239514804
73, 3090.065780746042
74, 3647.425768612802
75, 4070.286572096593
76, 3096.0855517971418
77, 2978.01239216589
78, 3036.4425192156964
79, 3121.707402445336
80, 3039.4463381178116
81, 3163.7226987153
82, 2861.299128885299
83, 3904.903918618008
84, 3507.385422262839
85, 3435.482527808689
86, 3300.0854389835495
87, 3112.1782442032986
88, 3130.67117823276
89, 2960.0859429359098
90, 3071.572242536401
91, 2998.7205650108463
92, 3102.4457780486136
93, 3456.3703752842666
94, 2990.03786779458
95, 3392.3058086780366
96, 3049.5260355286314
97, 3298.750271891292
98, 2980.935238420109
99, 2972.192563714698
100, 3111.140721646314
101, 2763.424108388781
102, 2988.0850780475103
103, 3100.592943706642
104, 3114.0184450839165
105, 2876.322779291627
106, 3048.493522698154
107, 2739.77046382573
108, 3469.6763287867457
109, 2973.8874058283945
110, 3027.4068985889517
111, 3378.9695538015867
112, 2986.1226979031985
113, 2965.743594794676
114, 3044.47390488971
115, 2959.455224729621
116, 3065.0745121335044
117, 3149.3879422900577
118, 3007.5034399197016
119, 3436.9773762850014
120, 3037.7908754366463
121, 2997.1964099562615
122, 2989.7509046838863
123, 3219.4934535236744
124, 3165.2543739979183
125, 3081.395547738358
126, 3063.0486937856563
127, 2760.571673812472
128, 4758.559913232553
129, 3074.9493974776087
130, 3337.5470542020093
131, 2904.7857424861327
132, 2896.1822524656436
133, 3005.0615544863786
134, 2994.6724202251116
135, 3150.202843230091
136, 3045.149054229044
137, 5977.370726696751
138, 3237.272980935383
139, 3487.1734980396914
140, 3054.6992402173623
141, 2909.3565255166304
142, 4453.844187210115
143, 3107.2817628133084
144, 3023.555672931459
145, 3459.6236411383875
146, 3026.58293849326
147, 2966.711947400966
148, 3118.51298915106
149, 3152.897553940459
150, 3112.494119261356
151, 3008.650244759637
152, 3036.542976626435
153, 3160.254022462144
154, 3314.27388902082
155, 3488.1669017703525
156, 2982.4236516518786
157, 2961.836385175355
158, 3002.204940471594
159, 3307.9784485532614
160, 3201.792069270962
161, 3007.313351028003
162, 3047.090418114544
163, 2989.141329141264
164, 3437.971250772866
165, 3102.6030770316916
166, 3420.6181548385134
167, 3035.7222206607244
168, 2977.50857440729
169, 3340.267221833553
170, 3120.905422937703
171, 2932.437761553245
172, 2989.9315997539593
173, 2950.177026088191
174, 2971.375786241946
175, 3009.4438140471243
176, 3345.811246064521
177, 3189.0088027636325
178, 3096.8690821011655
179, 3093.6187339283997
180, 2957.673810993354
181, 3253.2143625831595
182, 3166.382056426659
183, 2949.2991088180047
184, 2974.3630453335777
185, 3000.6100196176917
186, 2820.823863208432
187, 3412.4982802428876
188, 2976.9152357861103
189, 3052.654527672977
190, 3196.720203967509
191, 3264.67372591253
192, 2977.4633995042195
193, 3221.3359781405634
194, 3577.760189996766
195, 2884.2817417540446
196, 2993.549178636487
197, 3057.7246192459606
198, 3316.559416215394
199, 3117.3664348205252
200, 3400.110852863423
201, 2943.7140607532465
202, 2930.988941940599
203, 2999.6664338142136
204, 2976.5795076659056
205, 3130.1026343333156
206, 2927.2537082370504
207, 3039.392729576484
208, 3082.5324121707317
209, 3032.4857230685907
210, 3041.7802414524517
211, 3112.9960403042232
212, 3064.7573350663706
213, 2874.4372081965266
214, 3339.4506203768874
215, 3197.4834188558298
216, 2983.0913548703343
217, 3222.7300761824445
218, 3013.6778232908273
219, 3510.743011823721
220, 3124.8651135250607
221, 3222.4249707097
222, 2943.3569329568686
223, 3058.0017579249475
224, 2919.5885397124016
225, 3043.370399984251
226, 3393.621278905472
227, 3214.823500495607
228, 2975.7769265884995
229, 2976.772802939678
230, 3007.9181369312028
231, 3248.9731498715373
232, 3015.10189761202
233, 3007.145506931791
234, 2979.221419644307
235, 2841.2035762782907
236, 2943.6800821716147
237, 3122.5058423518904
238, 3062.7976986993476
239, 3030.4606698704597
240, 2943.0269199448207
241, 3090.9545667847965
242, 3080.717989894521
243, 3149.0539659471556
244, 3141.857136715654
245, 3144.5156612169444
246, 4473.958877394956
247, 3026.3673955836684
248, 2982.1132546056906
249, 2761.7700520518947
250, 3044.2829924900707
251, 3030.3654929470827
252, 3214.6306918929554
253, 2981.4261615683845
254, 3185.7549270390923
255, 3086.2465050481164
256, 3329.8662831798433
257, 3121.4143269992683
258, 3216.131708780501
259, 2915.3607367015447
260, 2946.7953140171912
261, 2952.697765226418
262, 3172.1251284740624
263, 3117.2083848676803
264, 3072.880850628523
265, 3612.9459373785853
266, 3077.1757369682286
267, 3047.2366061843413
268, 3004.6564262001166
269, 2960.4395518386805
270, 2949.1969660212435
271, 3414.230537443371
272, 3066.1388043418187
273, 3031.483248922052
274, 3011.6329186849525
275, 3187.4281251854177
276, 3188.252985909602
277, 2967.5885743919084
278, 3026.250052015949
279, 2831.493371820976
280, 3117.9168247550856
281, 3014.8521894937544
282, 2938.3629620953966
283, 3120.014004979126
284, 2962.3083307587
285, 2961.899118304271
286, 2995.306291986034
287, 3019.950914342791
288, 3200.1221674393323
289, 3026.8685436448154
290, 2893.605180394058
291, 3027.7164740748194
292, 2922.525324151597
293, 2864.298872557261
294, 2823.1620561261016
295, 3261.7743665426297
296, 2966.5607534873393
297, 3032.0266587449046
298, 2970.026273773605
299, 3292.654114664146
300, 2847.3226644880706
301, 3026.323327467718
302, 2954.6734222046293
303, 3011.531802081417
304, 2851.687630259664
305, 2970.1530477693027
306, 2833.366709400741
307, 2969.642070540628
308, 2951.3469707390445
309, 2987.934173206687
310, 2851.333166738431
311, 2932.434650057159
312, 2867.4331829803873
313, 3103.5110307324035
314, 2976.4296129475347
315, 2844.2144613239993
316, 2934.145088525225
317, 2999.44573267237
318, 3038.440243523642
319, 2882.2374408466535
320, 3104.1548969635164
321, 2855.3478771940972
322, 3046.0511823734923
323, 2725.7946882190763
324, 2816.330402531485
325, 3036.97377473828
326, 2796.885821013491
327, 2778.933570109912
328, 2784.8690626635525
329, 2865.4404262582498
330, 2780.839921928108
331, 2877.908937251567
332, 2995.5279435953867
333, 2755.8229916384507
334, 2975.497238942742
335, 2991.3885876041313
336, 2838.7679269274045
337, 2842.6834213223547
338, 2783.3065128757175
339, 2926.6522293864286
340, 2770.6240789371523
341, 2824.2512729194127
342, 2834.785519999822
343, 2831.093990220943
344, 2818.6157696996625
345, 2780.161751139159
346, 2960.512042446037
347, 3122.239023189546
348, 2798.9864488973976
349, 2804.2591620940025
350, 2811.0474100014826
351, 2783.213620692604
352, 2839.0740442150527
353, 3178.671200173802
354, 2683.8220641507123
355, 2833.4103703591277
356, 2944.7033232095405
357, 2897.0736518203066
358, 3197.839705506678
359, 2747.4932145681846
360, 2667.923309257758
361, 2848.571373329454
362, 2844.576110758698
363, 2827.587736419786
364, 2994.044287059476
365, 2963.035903161855
366, 2805.953193977152
367, 2789.89458950115
368, 2820.4433245047344
369, 2928.2169672550835
370, 2856.61256356485
371, 2809.041382315706
372, 2747.3809474468485
373, 2679.4960502778326
374, 3096.5632660283427
375, 2860.875657793223
376, 2779.0128188529707
377, 2737.0271294736563
378, 2844.0368574673266
379, 2745.4360408845564
380, 2943.5553108413897
381, 2871.520128641353
382, 2719.956024824225
383, 3010.9742302442432
384, 2757.9004463533374
385, 2742.4145768249127
386, 2779.8379394057292
387, 2736.302237100413
388, 2717.8275436915274
389, 2933.287139989283
390, 2707.8169593763378
391, 2710.1606178786737
392, 2899.39178016642
393, 2839.2720501806148
394, 2866.8799930894684
395, 2940.36143387293
396, 2777.73407907884
397, 2863.7966484018716
398, 2821.1212288730558
399, 2747.59276684018
400, 2928.0912831739206
401, 2705.494130922822
402, 2811.6524686499642
403, 2744.5388954711934
404, 2786.3793947177833
405, 2880.897159407794
406, 2846.9529494372805
407, 2791.134756527291
408, 2843.1682929729905
409, 2785.3508981292784
410, 2780.159892454318
411, 2729.8639258159333
412, 2731.4045157047335
413, 2731.4045157047335
414, 2731.944986705273
415, 2738.703934963673
416, 2823.969799150753
417, 2818.9326067822726
418, 2785.3758563865736
419, 2687.049735187093
420, 2767.400776854296
421, 2739.4913984386494
422, 2767.360341111101
423, 2754.363453918896
424, 2700.6313308440963
425, 2738.083786501982
426, 2902.4851247678903
427, 2767.38644175593
428, 2855.3053026931543
429, 2746.6925675181647
430, 2828.990351757541
431, 2751.439767313473
432, 2791.8112153550564
433, 2761.315176836192
434, 2746.388836139868
435, 2688.255855722668
436, 2720.864174024925
437, 2716.8423213559636
438, 2722.414319718116
439, 2743.2249297837216
440, 2721.7122837902853
441, 2819.5463397599156
442, 2722.468203030361
443, 2798.083762681856
444, 2735.1303602468242
445, 2748.6894526738297
446, 2692.725013983271
447, 2788.0482654228476
448, 2718.903367887238
449, 2798.014408541104
450, 2783.6720525765536
451, 2797.8586457597303
452, 2747.038382786126
453, 2720.542331336089
454, 2738.9510544492264
455, 2720.0904278698163
456, 2688.525605775432
457, 3179.993891827713
458, 2723.1423814774107
459, 2827.5760202588485
460, 2713.3751525479724
461, 2785.939850656234
462, 2737.823346433579
463, 2780.070069973116
464, 2747.0512085647465
465, 2721.998963194348
466, 2745.0930496895107
467, 2790.5161270792955
468, 2713.058859413572
469, 2825.309575698767
470, 2751.32976328185
471, 2837.03972821099
472, 2655.5069873634143
473, 2796.834652723744
474, 2871.386757148479
475, 2745.4170575247394
476, 2727.951865265033
477, 2733.0856628906317
478, 2713.562992855109
479, 2734.079654994251
480, 2761.576296474902
481, 2721.2465478960285
482, 2695.6470080993327
483, 2828.172497552895
484, 2706.2803783347317
485, 2724.9649147055325
486, 2744.4248647184218
487, 2891.300233296202
488, 2699.09961953145
489, 2739.41206891212
490, 2644.242773620317
491, 2679.1050304701535
492, 2732.997658097881
493, 2719.139435683963
494, 2699.0768608965204
495, 3336.4673405034655
496, 2700.041305354169
497, 2992.629877216112
498, 2693.6943398303974
499, 2866.0394932618324
500, 2867.939453849558
501, 2718.1911934843993
502, 2748.270322921177
503, 2699.7811627281003
504, 2748.270322921177
505, 2742.7950559899596
506, 2769.803890105503
507, 2699.6437808207766
508, 2740.552446981779
509, 2717.8981796183043
510, 2690.513098702545
511, 2709.423923100849
512, 2684.5952741003875
513, 2791.0713264970727
514, 2653.227921148262
515, 2677.6092196378663
516, 2650.360392606599
517, 2864.6591968250946
518, 2702.658868411497
519, 2689.744875008693
520, 2728.841822517313
521, 2754.9874646790026
522, 2740.8749952086873
523, 2716.00112548189
524, 2711.356505111921
525, 2686.743914597072
526, 2733.765570440457
527, 2683.4690673495784
528, 2691.8170822142138
529, 2673.8220789176908
530, 3006.814709080654
531, 2706.1058851134003
532, 2674.445016782392
533, 3341.1615210469313
534, 2742.7163231078075
535, 2764.536347159603
536, 2734.5201607430304
537, 2679.2374203359545
538, 2699.497536086571
539, 2754.728250266491
540, 2751.9899571539
541, 2703.2965382678403
542, 2878.1651395087288
543, 2687.6355774318126
544, 2676.61651414398
545, 2721.260199337913
546, 2697.163855884763
547, 2829.7697117191574
548, 2698.4322063770596
549, 2653.2722230839504
550, 2835.478362904129
551, 2770.7211377659037
552, 2715.058353433877
553, 2707.1665528534522
554, 2701.1544152184106
555, 2706.094139505374
556, 2702.108269320441
557, 2891.7145344285923
558, 2752.127707963073
559, 2647.4253341133217
560, 2718.5869382568835
561, 2679.958137746293
562, 2755.362168117849
563, 2896.714413679482
564, 2709.839369011964
565, 2785.7423220363426
566, 2855.064521113005
567, 2661.560093460354
568, 2700.9476964069545
569, 3954.7375313692332
570, 2839.85644828366
571, 2714.9628872872045
572, 2702.9839767170984
573, 2717.5943490641753
574, 2867.3116499562248
575, 2705.252511680617
576, 2726.395136173866
577, 2740.609628453313
578, 2698.991191939397
579, 2716.5206745273663
580, 2642.8087343258735
581, 2762.2211578231486
582, 2723.067921766249
583, 2672.088630962235
584, 2737.7133486742964
585, 2683.00355931555
586, 2818.0725890483673
587, 2751.7144925255107
588, 2747.7322648724326
589, 2730.9943347261
590, 2775.335051410327
591, 2668.234388289275
592, 2698.3526838376915
593, 2695.2639980321655
594, 2726.253414820276
595, 2942.6131591305466
596, 2646.5498947237843
597, 2663.5597672093054
598, 2649.8224478641428
599, 2747.200159248235
600, 2707.9438599870705
601, 2668.517493047958
602, 2709.5246087059136
603, 2715.214813817587
604, 2700.5088827842105
605, 2792.178755205856
606, 2644.616171820765
607, 2716.5716748650043
608, 2707.1087589023914
609, 2711.19906686244
610, 2669.8542646027845
611, 2785.3715845103175
612, 2671.2539867929077
613, 2642.229765896091
614, 2736.278664845121
615, 2740.193427528123
616, 2727.089952043943
617, 2697.0189656727184
618, 2624.046372916777
619, 2859.1228917321687
620, 2710.077027603503
621, 2674.0521355919072
622, 2661.888568148785
623, 2753.4191856057887
624, 2710.740405078799
625, 2644.737079393589
626, 2694.1632670198223
627, 2679.9317082185557
628, 2809.9753127048352
629, 2688.3044799197064
630, 3415.329728623153
631, 2777.7960048220107
632, 2670.4601592359527
633, 2722.748141503871
634, 2691.204623017375
635, 2668.129588899402
636, 2733.654781430625
637, 2661.882181075918
638, 2680.0305257707505
639, 2721.2701468678224
640, 2714.8984374911242
641, 2644.842844654127
642, 2670.7374664452796
643, 2758.371257006731
644, 2722.8328461481115
645, 2677.3989566832615
646, 2676.482694533855
647, 2690.279013193636
648, 2662.17789047069
649, 2696.1154007071627
650, 2829.5823519844466
651, 2698.54622061062
652, 2694.473222445713
653, 2689.1664082494585
654, 2661.1356938907347
655, 2699.604273388059
656, 2692.592636205201
657, 2653.590164993613
658, 2701.5774673367405
659, 2708.320944515758
660, 2685.110487677021
661, 2668.473326162336
662, 2695.8500756373014
663, 2623.7949250539327
664, 2647.751318589257
665, 2624.057606749249
666, 2666.8383274675016
667, 2693.765770237579
668, 2663.536907317281
669, 2670.611080601324
670, 2681.5796760244375
671, 2769.814496840212
672, 2713.071865041484
673, 2692.362854254004
674, 2737.5206143954056
675, 2645.024884431721
676, 2710.0139023456513
677, 2760.9704255674687
678, 2641.1090053917474
679, 2670.415347345813
680, 2748.445135964804
681, 2655.280905571094
682, 2708.561461764538
683, 2657.658181019125
684, 2692.82911541678
685, 2674.112484930555
686, 2696.2077920089787
687, 2671.343018084111
688, 2727.1277699193697
689, 2685.4890764580687
690, 2645.1957021818007
691, 2664.7725151320096
692, 2701.4294823856494
693, 2657.1179458140973
694, 2767.0861739783013
695, 2712.678159821589
696, 2701.4676506080827
697, 2634.5465962671706
698, 2657.0189421376917
699, 2634.998170266009
700, 2724.1402576448845
701, 2665.3970790510243
702, 2671.684501280023
703, 2633.5029641844358
704, 2671.4637303404234
705, 2677.3750426555084
706, 2678.1067856768072
707, 2709.9285460739047
708, 2634.6664280581194
709, 2741.9291419508363
710, 2696.792268074433
711, 2679.098689920537
712, 2801.659497843305
713, 2650.14887801851
714, 2700.1194147716024
715, 2814.8622813747406
716, 2689.2112574367898
717, 2825.3716227735745
718, 2752.57011677906
719, 2633.307037699581
720, 2680.1838432272402
721, 2636.845886911749
722, 2733.9750513547733
723, 2637.813953934848
724, 2726.1075315944495
725, 2698.504545064791
726, 2671.4825312009993
727, 2675.685781905806
728, 2695.006954850309
729, 2676.6749397629414
730, 2677.8210304324816
731, 2691.8077283450557
732, 2659.0190381103116
733, 2691.245837087952
734, 2651.7277439879576
735, 2705.3300518136757
736, 2682.1438126977573
737, 2643.6095756751056
738, 2652.325564209596
739, 2724.9665934196264
740, 2658.0384328822493
741, 2673.6187617806168
742, 2681.2466652616417
743, 2674.479523322807
744, 2666.256557628042
745, 2727.0545239231424
746, 2665.436654063729
747, 2682.42472943385
748, 2653.8628564634278
749, 2743.524843255605
750, 2663.083191907788
751, 2697.095622219642
752, 2687.192151326469
753, 2660.1920901102526
754, 2691.5718372369697
755, 2679.374325624129
756, 2677.791239975893
757, 2814.1443002261567
758, 2688.3093879482703
759, 2642.093173675681
760, 2842.8666057412
761, 2673.4224456317643
762, 2692.3655996242796
763, 2688.0516551308924
764, 2694.164803540775
765, 2649.5031781641087
766, 2665.612729292948
767, 2653.040630321527
768, 2642.706088489902
769, 2706.5245718210813
770, 2667.638067145138
771, 2654.8403932322176
772, 2828.2996221599738
773, 2791.096021227977
774, 2660.3520842251905
775, 2694.028588954692
776, 2649.878403805151
777, 2654.4019116615655
778, 2666.217389729225
779, 2687.384077466032
780, 2664.723531500064
781, 2663.4311557212086
782, 2728.9155177174543
783, 2652.6353141048708
784, 2671.572192896346
785, 2887.340554392107
786, 2668.4254931030896
787, 2724.078086057489
788, 2664.287761630702
789, 2687.3682923977267
790, 2727.67773569467
791, 2661.579414212775
792, 2674.662343802901
793, 2637.514126589708
794, 2661.9297202499993
795, 2641.02260709388
796, 2773.655870003986
797, 2638.6142078389366
798, 2653.8391097929557
799, 2671.4542163985907
800, 2675.016870154435
801, 2649.300156762033
802, 2656.0774128643584
803, 2645.055966599546
804, 2647.5807598084634
805, 3120.8693448857534
806, 2754.131006476168
807, 2683.6901867181264
808, 2840.1459242415667
809, 2709.6660090322007
810, 2657.364497485186
811, 2705.3401869720765
812, 2636.6191170572883
813, 2664.3891441885366
814, 2658.6962103122664
815, 2644.003344174466
816, 2667.515870590802
817, 2702.954841007111
818, 2631.2958398798487
819, 2658.6834793420253
820, 2644.6995385230784
821, 2634.446045453703
822, 2701.250248354468
823, 2661.8433117066656
824, 2681.920840161692
825, 2666.569676752017
826, 2909.779531273596
827, 2806.159839498861
828, 2639.5178732299833
829, 2653.98457572763
830, 2674.247765187706
831, 2659.067705833055
832, 2644.170015808048
833, 2696.9752463311556
834, 2638.9566309417214
835, 2672.122693880942
836, 2670.4539540537685
837, 2637.5342832836795
838, 2658.5673270688258
839, 2646.3810446287785
840, 2684.471982572552
841, 2659.3724942977715
842, 2637.4926548938356
843, 2829.717631791481
844, 2642.9865854730106
845, 2698.6923554373257
846, 2669.2007750433086
847, 2640.1503963998784
848, 2669.1303887230615
849, 2678.900230501386
850, 2685.68409666646
851, 2929.798803303239
852, 2663.175999976479
853, 2638.4465577027604
854, 2658.8553629760254
855, 2634.8266210763086
856, 2628.8021092161575
857, 2701.6523060058485
858, 2676.7600525868247
859, 2661.334005661899
860, 2721.20231192715
861, 2665.551960124057
862, 2635.4374803793007
863, 2641.6789354098987
864, 2654.4098711400325
865, 2683.22065321432
866, 2647.961539100392
867, 2661.9318042117175
868, 2655.675080371755
869, 2628.9257633620864
870, 2666.213958806308
871, 2682.3880064960686
872, 2659.7126317124225
873, 2652.976858881784
874, 2658.4246245643194
875, 2646.76766791084
876, 2658.7961111375544
877, 2653.4953850981337
878, 2649.2575933028643
879, 2653.7995149899803
880, 2650.7183950702797
881, 2699.842181715274
882, 2653.792474642934
883, 2654.382593088007
884, 3248.7096198440377
885, 2624.90058402187
886, 2659.992178996757
887, 2657.7138863270047
888, 2639.1669215741995
889, 2675.6506852581283
890, 2649.4661416977265
891, 2659.4028934010066
892, 3029.9071240248018
893, 2640.03388352049
894, 2695.825036653519
895, 2680.506587560684
896, 2666.145539934233
897, 2676.15271290855
898, 2640.2003336787693
899, 2662.250906043886
900, 2640.1773897518046
901, 2635.5688960893044
902, 2682.214437367441
903, 2653.0804123831804
904, 2673.4294458620247
905, 2699.961840279627
906, 2725.7943115740627
907, 2672.39971201786
908, 2701.922312245429
909, 2660.0518456239906
910, 2677.264233886198
911, 2633.2816199938316
912, 2715.8720274695265
913, 2669.6347737992523
914, 2633.2497721665572
915, 2638.133333602367
916, 2737.0857824587856
917, 2635.3644991536585
918, 2646.8207942067743
919, 2640.9455119354116
920, 2652.147804499433
921, 2687.5006071163552
922, 2673.241616540291
923, 2673.759501372029
924, 2636.7510719886477
925, 2631.9117497296725
926, 2655.705355048956
927, 2698.451040600887
928, 2739.7850900460194
929, 2667.804668443235
930, 2932.879067774703
931, 2672.3124399486983
932, 2707.7280219193676
933, 2658.9462333462607
934, 2663.6367560811905
935, 2630.532155536062
936, 2662.759156812802
937, 2646.4350795178375
938, 2707.5270569067607
939, 2666.8070135174653
940, 2646.2863755394646
941, 2656.360045062176
942, 2672.8589408804023
943, 2685.8621258390053
944, 2667.131390029106
945, 2649.0005383212824
946, 2656.6108666082237
947, 2760.4321414109395
948, 2638.956564325909
949, 2665.8296830921636
950, 2628.1070727116144
951, 2648.3116028802306
952, 2695.780315767109
953, 2733.14781280353
954, 2660.403351491023
955, 2659.3942848019933
956, 2648.4639208438416
957, 2639.3287798692763
958, 2631.437533951356
959, 2673.790857202782
960, 2684.231239324599
961, 2667.9684777006446
962, 2639.8614891495727
963, 2763.513566413241
964, 2724.380177700113
965, 2647.16509495336
966, 2665.034808554789
967, 2676.493136117815
968, 2679.873188195015
969, 2652.736914551511
970, 2751.557020731857
971, 2799.476221339815
972, 2661.010409476649
973, 2766.5907286818233
974, 2713.070455397537
975, 2644.9116947524335
976, 2685.5132204331044
977, 2639.431890222469
978, 2652.8657694218264
979, 2688.5114487049295
980, 2655.0197132423273
981, 2672.7424152593426
982, 2651.7620775657583
983, 2695.1725350932365
984, 2772.415533031592
985, 2669.915595701014
986, 2646.944439927113
987, 2645.1000078996276
988, 2667.843692370788
989, 2638.378996828882
990, 2656.6694499350933
991, 2652.624597947163
992, 2642.786631428629
993, 2644.2661716836174
994, 2650.1455199451593
995, 2634.432443928425
996, 2638.796971450547
997, 2634.661895815293
998, 2633.126705022765
999, 2701.7413809485092
