Error results for Standard Genetic Algorithm, 25
---------------------------
0, 3822.718446552895
1, 9997.203005452406
2, 3196.554792395208
3, 3135.3765823267477
4, 3634.812234244775
5, 3338.2572103340494
6, 3428.52900832154
7, 3940.179243950131
8, 3390.5958918886304
9, 2892.1219127993527
10, 3364.2032713055382
11, 3044.9658213999523
12, 3060.8843675757876
13, 3118.5900460666344
14, 6087.853644412909
15, 4886.327342445422
16, 3022.678412084836
17, 3632.88015576454
18, 3129.2646194611207
19, 4726.293976038137
20, 3780.609241669146
21, 2718.377882603481
22, 3293.632626022251
23, 3125.394188577979
24, 6658.039605755373

Results for Standard Genetic Algorithm:
Correctly classified 24720.0 instances.
Incorrectly classified 7841.0 instances.
Percent correctly classified: 75.91904425539757%
Training time: 1748.781686303 seconds
Testing time: 0.177013472 seconds


Error results for Standard Genetic Algorithm, 50
---------------------------
0, 3490.027937966962
1, 3497.58352514659
2, 3294.7912979689136
3, 5260.909877021075
4, 3899.7729539794022
5, 2998.697736695794
6, 5397.01428031321
7, 3102.2843428979836
8, 2971.1562325232485
9, 2989.199617015247
10, 6261.626349983094
11, 9224.457299425218
12, 3994.14895403337
13, 7199.743154020033
14, 2967.531011876256
15, 3101.0549547520845
16, 2961.897281242629
17, 2919.3525636289232
18, 3003.896282860073
19, 3721.489048382273
20, 5779.516578797075
21, 3063.4273113979416
22, 3188.3986928359395
23, 3080.715989350039
24, 2979.3192975903753
25, 3229.772243325847
26, 3041.3871127373613
27, 3295.7799908785223
28, 3006.5584189198576
29, 3921.5324050125587
30, 3411.0573845341223
31, 2927.270522538694
32, 2970.287041235419
33, 2902.758863503226
34, 3309.292425204054
35, 2969.9234123082047
36, 3353.1059804888923
37, 7120.396158612146
38, 2998.1701119029067
39, 4335.111358877911
40, 3065.769096919815
41, 3029.7006301786205
42, 3205.1714902560025
43, 2951.5414806755048
44, 6010.195198515485
45, 2945.677094236909
46, 3325.5563199490734
47, 3127.830839976689
48, 3389.5103278589486
49, 3503.3199779777974

Results for Standard Genetic Algorithm:
Correctly classified 24837.0 instances.
Incorrectly classified 7724.0 instances.
Percent correctly classified: 76.27836982893645%
Training time: 3449.290433939 seconds
Testing time: 0.183458632 seconds